IMAGE_WIDTH	45
IMAGE_HIGHT	30
000000000000000000000000000000000000000000000
000000000000000000000000000000000000000000000
000000000000000000000000000000000000000000000
000000000000000000000000000000000000000000000
000000000000000000000000000000000000000000000
000000000000000000000000000000000000000000000
000000000000000000000000000000000000000000000
000000000000000000000000000000000000000000000
000000000000000000000000000000000000000000000
000000000000000000000000000000000000000000000
000000000000000000000000000000000000000000000
000000000000000000000000000000000000000000000
000000000000000000000000000000000000000000000
000000000000000000000000000000000000000000000
000000000000000000000000000000000000000000000
000000000000000000011101110000000000000000000
000000000000000000100101001000000000000000000
000000000000000001000101000100000000000000000
000000000000111010010101010010111000000000000
000000000001001010000101000010100100000000000
000000000010001010101000101010100010000000000
000000000010000000000000000000000010000000000
000000000000100000000000000000001000000000000
000000000101000000000000000000000101000000000
000000001101011100000000000001110101100000000
000000010101000100000000000001000101010000000
000000110100000000000000000000000001011000000
000001000100000110000000000011000001000100000
000000000000000000000000000000000000000000000
000001101100000000000000000000000001101100000
000000000000000000000000000000000000000000000

[74 generations to death]