100 0.00028828 0.00922328 0.00136428
12100 0.0134554 0.00844256 0.00829556
44100 0.0548686 0.0787806 0.0185602
96100 0.125393 0.0401733 0.0383525
168100 0.222841 1.38954 0.0610754
260100 0.333172 0.428415 0.0937066
372100 0.485967 0.238026 0.13006
504100 0.681442 0.373389 0.423517
656100 0.8757 0.975019 0.840321
828100 1.22849 0.765694 0.298349
1020100 1.38863 1.53568 0.53132
1232100 1.68327 1.06567 0.467533
1464100 1.95287 1.22606 1.05456
1716100 2.18542 1.26457 1.43238
1988100 2.57468 1.29894 1.52343
2280100 2.92174 2.05348 3.42235
2592100 3.71841 1.98004 2.48118
2924100 4.23926 6.21319 9.38541
3276100 4.38933 2.59487 4.16641
3648100 4.85659 1.86319 1.39859
4040100 5.30277 2.34566 2.74656
4452100 5.7386 5.64797 7.29325
4884100 6.53811 2.46604 3.56363
5336100 7.1005 9.30644 14.3292
5808100 7.85987 7.47634 9.67692
6300100 8.66968 2.69262 2.45009
6812100 9.03618 4.12848 5.69942
7344100 9.71572 4.31412 4.74046
7896100 10.4717 7.67937 8.8943
8468100 11.1514 4.63128 5.13254
9060100 11.9721 4.279 4.2442
9672100 12.8947 8.00609 10.5893
10304100 13.3011 14.0992 20.8538
10956100 14.1009 8.91425 12.493
11628100 14.9939 10.6359 12.5404
