100 0.0019388 0.0113819 0.00353744
1225 0.0491148 0.0164264 0.0169509
3600 0.208088 0.0602938 0.0693679
7225 0.605117 0.569355 0.189523
12100 1.29265 0.36835 0.385231
18225 2.33203 0.675219 0.69236
25600 3.84395 1.04357 1.26899
34225 5.97142 1.61358 1.83482
44100 9.45177 3.30569 3.53579
55225 12.7291 3.54926 3.82111
67600 18.8858 5.35656 6.87088
81225 25.6151 7.77584 8.2485
96100 33.2351 10.2316 9.97664
112225 43.1682 13.0392 14.1307
129600 54.8711 16.6436 17.1355
148225 65.0664 19.151 20.4149
168100 78.6777 23.6603 24.9624
189225 94.7534 27.8237 29.9193
211600 111.06 33.0896 36.7888
235225 138.763 39.6918 42.5219
260100 239.709 72.1249 76.544
286225 188.658 55.8031 58.3657
313600 216.698 59.5546 65.1094
342225 243.935 70.0636 76.1786
372100 280.448 80.6348 89.143
403225 386.351 111.132 124.438
435600 348.885 98.6821 108.95
469225 415.851 115.854 128.685
504100 438.989 129.822 139.108
540225 498.122 142.692 158.658
577600 561.13 158.267 172.629
616225 615.108 192.972 189.626
656100 699.337 195.986 214.964
697225 779.651 215.791 230.994
739600 914.892 252.919 276.155
783225 966.549 255.408 296.276
828100 1042.18 281.901 315.108
874225 1238.37 334.568 367.248
921600 1402.5 378.35 418.358
970225 1497.13 402.862 453.573
1020100 1672.24 450.812 500.904
1071225 1666.42 452.119 501.936
1123600 1903.51 491.226 602.926
