1 0.2886751346 0.2679491924 0.02072594216 0.07179676972
0.5 0.2886751346 0.2775557716 0.01111936296 0.03851860318
0.25 0.2886751346 0.2828993207 0.005775813942 0.02000800641
0.125 0.2886751346 0.2857291632 0.002945971415 0.01020514434
0.0625 0.2886751346 0.2871870789 0.001488055697 0.005154776143
0.03125 0.2886751346 0.2879272665 0.0007478680624 0.002590690963
0.015625 0.2886751346 0.2883002312 0.0003749034045 0.001298703489
0.0078125 0.2886751346 0.2884874394 0.0001876952254 0.0006501953334
0.00390625 0.2886751346 0.288581226 9.390864188e-05 0.000325309078
0.001953125 0.2886751346 0.288628165 4.696959685e-05 0.0001627074563
0.0009765625 0.2886751346 0.288651646 2.348861973e-05 8.136696555e-05
0.00048828125 0.2886751346 0.2886633893 1.174526548e-05 4.068679313e-05
0.000244140625 0.2886751346 0.2886692617 5.872871683e-06 2.034422428e-05
0.0001220703125 0.2886751346 0.2886721981 2.936495581e-06 1.017231909e-05
6.103515625e-05 0.2886751346 0.2886736663 1.468262726e-06 5.086211281e-06
3.051757812e-05 0.2886751346 0.2886744005 7.34135097e-07 2.543118575e-06
1.525878906e-05 0.2886751346 0.2886747675 3.67068482e-07 1.271562521e-06
7.629394531e-06 0.2886751346 0.2886749511 1.835344743e-07 6.35782069e-07
3.814697266e-06 0.2886751346 0.2886750428 9.176729548e-08 3.178912365e-07
1.907348633e-06 0.2886751346 0.2886750887 4.588366237e-08 1.589456689e-07
9.536743164e-07 0.2886751346 0.2886751117 2.294183482e-08 7.947284706e-08
4.768371582e-07 0.2886751346 0.2886751231 1.147091833e-08 3.97364267e-08
2.384185791e-07 0.2886751346 0.2886751289 5.735459385e-09 1.986821412e-08
1.192092896e-07 0.2886751346 0.2886751317 2.86772972e-09 9.934107156e-09
5.960464478e-08 0.2886751346 0.2886751332 1.43386486e-09 4.967053578e-09
2.980232239e-08 0.2886751346 0.2886751339 7.169324023e-10 2.483526693e-09
1.490116119e-08 0.2886751346 0.2886751342 3.584662012e-10 1.241763346e-09
7.450580597e-09 0.2886751346 0.2886751344 1.792331283e-10 6.208817694e-10
3.725290298e-09 0.2886751346 0.2886751345 8.961653641e-11 3.104407885e-10
1.862645149e-09 0.2886751346 0.2886751346 4.480826821e-11 1.552203943e-10
9.313225746e-10 0.2886751346 0.2886751346 2.24041341e-11 7.761019713e-11
4.656612873e-10 0.2886751346 0.2886751346 1.12020393e-11 3.880500242e-11
2.328306437e-10 0.2886751346 0.2886751346 5.601019648e-12 1.940250121e-11
1.164153218e-10 0.2886751346 0.2886751346 2.800482068e-12 9.701154457e-12
5.820766091e-11 0.2886751346 0.2886751346 1.40026879e-12 4.850673376e-12
2.910383046e-11 0.2886751346 0.2886751346 7.001066393e-13 2.42524054e-12
1.455191523e-11 0.2886751346 0.2886751346 3.500533197e-13 1.21262027e-12
7.275957614e-12 0.2886751346 0.2886751346 1.750266598e-13 6.06310135e-13
3.637978807e-12 0.2886751346 0.2886751346 8.748557434e-14 3.030589194e-13
1.818989404e-12 0.2886751346 0.2886751346 4.368727602e-14 1.513371634e-13
9.094947018e-13 0.2886751346 0.2886751346 2.187139359e-14 7.576472984e-14
4.547473509e-13 0.2886751346 0.2886751346 1.093569679e-14 3.788236492e-14
2.273736754e-13 0.2886751346 0.2886751346 5.440092821e-15 1.884503433e-14
1.136868377e-13 0.2886751346 0.2886751346 2.72004641e-15 9.422517163e-15
5.684341886e-14 0.2886751346 0.2886751346 1.33226763e-15 4.615110447e-15
2.842170943e-14 0.2886751346 0.2886751346 6.106226635e-16 2.115258955e-15
1.421085472e-14 0.2886751346 0.2886751346 3.330669074e-16 1.153777612e-15
7.105427358e-15 0.2886751346 0.2886751346 1.665334537e-16 5.768888059e-16
3.552713679e-15 0.2886751346 0.2886751346 5.551115123e-17 1.922962686e-16
1.776356839e-15 0.2886751346 0.2886751346 5.551115123e-17 1.922962686e-16
8.881784197e-16 0.2886751346 0.2886751346 0 0
4.440892099e-16 0.2886751346 0.2886751346 5.551115123e-17 1.922962686e-16
2.220446049e-16 0.2886751346 0.2886751346 5.551115123e-17 1.922962686e-16
1.110223025e-16 0.2886751346 0.2886751346 5.551115123e-17 1.922962686e-16
5.551115123e-17 0.2886751346 0.2886751346 5.551115123e-17 1.922962686e-16
2.775557562e-17 0.2886751346 0.2886751346 5.551115123e-17 1.922962686e-16
1.387778781e-17 0.2886751346 0.2886751346 5.551115123e-17 1.922962686e-16
6.938893904e-18 0.2886751346 0.2886751346 5.551115123e-17 1.922962686e-16
3.469446952e-18 0.2886751346 0.2886751346 5.551115123e-17 1.922962686e-16
1.734723476e-18 0.2886751346 0.2886751346 5.551115123e-17 1.922962686e-16
8.67361738e-19 0.2886751346 0.2886751346 5.551115123e-17 1.922962686e-16
4.33680869e-19 0.2886751346 0.2886751346 5.551115123e-17 1.922962686e-16
2.168404345e-19 0.2886751346 0.2886751346 5.551115123e-17 1.922962686e-16
1.084202172e-19 0.2886751346 0.2886751346 5.551115123e-17 1.922962686e-16
5.421010862e-20 0.2886751346 0.2886751346 5.551115123e-17 1.922962686e-16
2.710505431e-20 0.2886751346 0.2886751346 5.551115123e-17 1.922962686e-16
1.355252716e-20 0.2886751346 0.2886751346 5.551115123e-17 1.922962686e-16
6.776263578e-21 0.2886751346 0.2886751346 5.551115123e-17 1.922962686e-16
3.388131789e-21 0.2886751346 0.2886751346 5.551115123e-17 1.922962686e-16
1.694065895e-21 0.2886751346 0.2886751346 5.551115123e-17 1.922962686e-16
8.470329473e-22 0.2886751346 0.2886751346 5.551115123e-17 1.922962686e-16
4.235164736e-22 0.2886751346 0.2886751346 5.551115123e-17 1.922962686e-16
2.117582368e-22 0.2886751346 0.2886751346 5.551115123e-17 1.922962686e-16
1.058791184e-22 0.2886751346 0.2886751346 5.551115123e-17 1.922962686e-16
5.29395592e-23 0.2886751346 0.2886751346 5.551115123e-17 1.922962686e-16
2.64697796e-23 0.2886751346 0.2886751346 5.551115123e-17 1.922962686e-16
1.32348898e-23 0.2886751346 0.2886751346 5.551115123e-17 1.922962686e-16
6.6174449e-24 0.2886751346 0.2886751346 5.551115123e-17 1.922962686e-16
3.30872245e-24 0.2886751346 0.2886751346 5.551115123e-17 1.922962686e-16
1.654361225e-24 0.2886751346 0.2886751346 5.551115123e-17 1.922962686e-16
8.271806126e-25 0.2886751346 0.2886751346 5.551115123e-17 1.922962686e-16
4.135903063e-25 0.2886751346 0.2886751346 5.551115123e-17 1.922962686e-16
2.067951531e-25 0.2886751346 0.2886751346 5.551115123e-17 1.922962686e-16
1.033975766e-25 0.2886751346 0.2886751346 5.551115123e-17 1.922962686e-16
5.169878828e-26 0.2886751346 0.2886751346 5.551115123e-17 1.922962686e-16
2.584939414e-26 0.2886751346 0.2886751346 5.551115123e-17 1.922962686e-16
1.292469707e-26 0.2886751346 0.2886751346 5.551115123e-17 1.922962686e-16
6.462348536e-27 0.2886751346 0.2886751346 5.551115123e-17 1.922962686e-16
3.231174268e-27 0.2886751346 0.2886751346 5.551115123e-17 1.922962686e-16
1.615587134e-27 0.2886751346 0.2886751346 5.551115123e-17 1.922962686e-16
8.077935669e-28 0.2886751346 0.2886751346 5.551115123e-17 1.922962686e-16
4.038967835e-28 0.2886751346 0.2886751346 5.551115123e-17 1.922962686e-16
2.019483917e-28 0.2886751346 0.2886751346 5.551115123e-17 1.922962686e-16
1.009741959e-28 0.2886751346 0.2886751346 5.551115123e-17 1.922962686e-16
5.048709793e-29 0.2886751346 0.2886751346 5.551115123e-17 1.922962686e-16
2.524354897e-29 0.2886751346 0.2886751346 5.551115123e-17 1.922962686e-16
1.262177448e-29 0.2886751346 0.2886751346 5.551115123e-17 1.922962686e-16
6.310887242e-30 0.2886751346 0.2886751346 5.551115123e-17 1.922962686e-16
3.155443621e-30 0.2886751346 0.2886751346 5.551115123e-17 1.922962686e-16
1.57772181e-30 0.2886751346 0.2886751346 5.551115123e-17 1.922962686e-16
7.888609052e-31 0.2886751346 0.2886751346 5.551115123e-17 1.922962686e-16
3.944304526e-31 0.2886751346 0.2886751346 5.551115123e-17 1.922962686e-16
1.972152263e-31 0.2886751346 0.2886751346 5.551115123e-17 1.922962686e-16
9.860761315e-32 0.2886751346 0.2886751346 5.551115123e-17 1.922962686e-16
4.930380658e-32 0.2886751346 0.2886751346 5.551115123e-17 1.922962686e-16
2.465190329e-32 0.2886751346 0.2886751346 5.551115123e-17 1.922962686e-16
1.232595164e-32 0.2886751346 0.2886751346 5.551115123e-17 1.922962686e-16
6.162975822e-33 0.2886751346 0.2886751346 5.551115123e-17 1.922962686e-16
3.081487911e-33 0.2886751346 0.2886751346 5.551115123e-17 1.922962686e-16
1.540743956e-33 0.2886751346 0.2886751346 5.551115123e-17 1.922962686e-16
7.703719778e-34 0.2886751346 0.2886751346 5.551115123e-17 1.922962686e-16
3.851859889e-34 0.2886751346 0.2886751346 5.551115123e-17 1.922962686e-16
1.925929944e-34 0.2886751346 0.2886751346 5.551115123e-17 1.922962686e-16
9.629649722e-35 0.2886751346 0.2886751346 5.551115123e-17 1.922962686e-16
4.814824861e-35 0.2886751346 0.2886751346 5.551115123e-17 1.922962686e-16
2.40741243e-35 0.2886751346 0.2886751346 5.551115123e-17 1.922962686e-16
1.203706215e-35 0.2886751346 0.2886751346 5.551115123e-17 1.922962686e-16
6.018531076e-36 0.2886751346 0.2886751346 5.551115123e-17 1.922962686e-16
3.009265538e-36 0.2886751346 0.2886751346 5.551115123e-17 1.922962686e-16
1.504632769e-36 0.2886751346 0.2886751346 5.551115123e-17 1.922962686e-16
7.523163845e-37 0.2886751346 0.2886751346 5.551115123e-17 1.922962686e-16
3.761581923e-37 0.2886751346 0.2886751346 5.551115123e-17 1.922962686e-16
1.880790961e-37 0.2886751346 0.2886751346 5.551115123e-17 1.922962686e-16
9.403954807e-38 0.2886751346 0.2886751346 5.551115123e-17 1.922962686e-16
4.701977403e-38 0.2886751346 0.2886751346 5.551115123e-17 1.922962686e-16
2.350988702e-38 0.2886751346 0.2886751346 5.551115123e-17 1.922962686e-16
1.175494351e-38 0.2886751346 0.2886751346 5.551115123e-17 1.922962686e-16
5.877471754e-39 0.2886751346 0.2886751346 5.551115123e-17 1.922962686e-16
2.938735877e-39 0.2886751346 0.2886751346 5.551115123e-17 1.922962686e-16
1.469367939e-39 0.2886751346 0.2886751346 5.551115123e-17 1.922962686e-16
7.346839693e-40 0.2886751346 0.2886751346 5.551115123e-17 1.922962686e-16
3.673419846e-40 0.2886751346 0.2886751346 5.551115123e-17 1.922962686e-16
1.836709923e-40 0.2886751346 0.2886751346 5.551115123e-17 1.922962686e-16
9.183549616e-41 0.2886751346 0.2886751346 5.551115123e-17 1.922962686e-16
4.591774808e-41 0.2886751346 0.2886751346 5.551115123e-17 1.922962686e-16
2.295887404e-41 0.2886751346 0.2886751346 5.551115123e-17 1.922962686e-16
1.147943702e-41 0.2886751346 0.2886751346 5.551115123e-17 1.922962686e-16
5.73971851e-42 0.2886751346 0.2886751346 5.551115123e-17 1.922962686e-16
2.869859255e-42 0.2886751346 0.2886751346 5.551115123e-17 1.922962686e-16
1.434929627e-42 0.2886751346 0.2886751346 5.551115123e-17 1.922962686e-16
7.174648137e-43 0.2886751346 0.2886751346 5.551115123e-17 1.922962686e-16
3.587324069e-43 0.2886751346 0.2886751346 5.551115123e-17 1.922962686e-16
1.793662034e-43 0.2886751346 0.2886751346 5.551115123e-17 1.922962686e-16
8.968310172e-44 0.2886751346 0.2886751346 5.551115123e-17 1.922962686e-16
4.484155086e-44 0.2886751346 0.2886751346 5.551115123e-17 1.922962686e-16
2.242077543e-44 0.2886751346 0.2886751346 5.551115123e-17 1.922962686e-16
1.121038771e-44 0.2886751346 0.2886751346 5.551115123e-17 1.922962686e-16
5.605193857e-45 0.2886751346 0.2886751346 5.551115123e-17 1.922962686e-16
2.802596929e-45 0.2886751346 0.2886751346 5.551115123e-17 1.922962686e-16
1.401298464e-45 0.2886751346 0.2886751346 5.551115123e-17 1.922962686e-16
7.006492322e-46 0.2886751346 0.2886751346 5.551115123e-17 1.922962686e-16
3.503246161e-46 0.2886751346 0.2886751346 5.551115123e-17 1.922962686e-16
1.75162308e-46 0.2886751346 0.2886751346 5.551115123e-17 1.922962686e-16
8.758115402e-47 0.2886751346 0.2886751346 5.551115123e-17 1.922962686e-16
4.379057701e-47 0.2886751346 0.2886751346 5.551115123e-17 1.922962686e-16
2.189528851e-47 0.2886751346 0.2886751346 5.551115123e-17 1.922962686e-16
1.094764425e-47 0.2886751346 0.2886751346 5.551115123e-17 1.922962686e-16
5.473822126e-48 0.2886751346 0.2886751346 5.551115123e-17 1.922962686e-16
2.736911063e-48 0.2886751346 0.2886751346 5.551115123e-17 1.922962686e-16
1.368455532e-48 0.2886751346 0.2886751346 5.551115123e-17 1.922962686e-16
6.842277658e-49 0.2886751346 0.2886751346 5.551115123e-17 1.922962686e-16
3.421138829e-49 0.2886751346 0.2886751346 5.551115123e-17 1.922962686e-16
1.710569414e-49 0.2886751346 0.2886751346 5.551115123e-17 1.922962686e-16
8.552847072e-50 0.2886751346 0.2886751346 5.551115123e-17 1.922962686e-16
4.276423536e-50 0.2886751346 0.2886751346 5.551115123e-17 1.922962686e-16
2.138211768e-50 0.2886751346 0.2886751346 5.551115123e-17 1.922962686e-16
1.069105884e-50 0.2886751346 0.2886751346 5.551115123e-17 1.922962686e-16
5.34552942e-51 0.2886751346 0.2886751346 5.551115123e-17 1.922962686e-16
2.67276471e-51 0.2886751346 0.2886751346 5.551115123e-17 1.922962686e-16
1.336382355e-51 0.2886751346 0.2886751346 5.551115123e-17 1.922962686e-16
6.681911775e-52 0.2886751346 0.2886751346 5.551115123e-17 1.922962686e-16
3.340955888e-52 0.2886751346 0.2886751346 5.551115123e-17 1.922962686e-16
1.670477944e-52 0.2886751346 0.2886751346 5.551115123e-17 1.922962686e-16
8.352389719e-53 0.2886751346 0.2886751346 5.551115123e-17 1.922962686e-16
4.17619486e-53 0.2886751346 0.2886751346 5.551115123e-17 1.922962686e-16
2.08809743e-53 0.2886751346 0.2886751346 5.551115123e-17 1.922962686e-16
1.044048715e-53 0.2886751346 0.2886751346 5.551115123e-17 1.922962686e-16
5.220243574e-54 0.2886751346 0.2886751346 5.551115123e-17 1.922962686e-16
2.610121787e-54 0.2886751346 0.2886751346 5.551115123e-17 1.922962686e-16
1.305060894e-54 0.2886751346 0.2886751346 5.551115123e-17 1.922962686e-16
6.525304468e-55 0.2886751346 0.2886751346 5.551115123e-17 1.922962686e-16
3.262652234e-55 0.2886751346 0.2886751346 5.551115123e-17 1.922962686e-16
1.631326117e-55 0.2886751346 0.2886751346 5.551115123e-17 1.922962686e-16
8.156630585e-56 0.2886751346 0.2886751346 5.551115123e-17 1.922962686e-16
4.078315292e-56 0.2886751346 0.2886751346 5.551115123e-17 1.922962686e-16
2.039157646e-56 0.2886751346 0.2886751346 5.551115123e-17 1.922962686e-16
1.019578823e-56 0.2886751346 0.2886751346 5.551115123e-17 1.922962686e-16
5.097894116e-57 0.2886751346 0.2886751346 5.551115123e-17 1.922962686e-16
2.548947058e-57 0.2886751346 0.2886751346 5.551115123e-17 1.922962686e-16
1.274473529e-57 0.2886751346 0.2886751346 5.551115123e-17 1.922962686e-16
6.372367645e-58 0.2886751346 0.2886751346 5.551115123e-17 1.922962686e-16
3.186183822e-58 0.2886751346 0.2886751346 5.551115123e-17 1.922962686e-16
1.593091911e-58 0.2886751346 0.2886751346 5.551115123e-17 1.922962686e-16
7.965459556e-59 0.2886751346 0.2886751346 5.551115123e-17 1.922962686e-16
3.982729778e-59 0.2886751346 0.2886751346 5.551115123e-17 1.922962686e-16
1.991364889e-59 0.2886751346 0.2886751346 5.551115123e-17 1.922962686e-16
9.956824445e-60 0.2886751346 0.2886751346 5.551115123e-17 1.922962686e-16
4.978412222e-60 0.2886751346 0.2886751346 5.551115123e-17 1.922962686e-16
2.489206111e-60 0.2886751346 0.2886751346 5.551115123e-17 1.922962686e-16
1.244603056e-60 0.2886751346 0.2886751346 5.551115123e-17 1.922962686e-16
6.223015278e-61 0.2886751346 0.2886751346 5.551115123e-17 1.922962686e-16
3.111507639e-61 0.2886751346 0.2886751346 5.551115123e-17 1.922962686e-16
1.555753819e-61 0.2886751346 0.2886751346 5.551115123e-17 1.922962686e-16
7.778769097e-62 0.2886751346 0.2886751346 5.551115123e-17 1.922962686e-16
3.889384549e-62 0.2886751346 0.2886751346 5.551115123e-17 1.922962686e-16
1.944692274e-62 0.2886751346 0.2886751346 5.551115123e-17 1.922962686e-16
9.723461372e-63 0.2886751346 0.2886751346 5.551115123e-17 1.922962686e-16
4.861730686e-63 0.2886751346 0.2886751346 5.551115123e-17 1.922962686e-16
2.430865343e-63 0.2886751346 0.2886751346 5.551115123e-17 1.922962686e-16
1.215432671e-63 0.2886751346 0.2886751346 5.551115123e-17 1.922962686e-16
6.077163357e-64 0.2886751346 0.2886751346 5.551115123e-17 1.922962686e-16
3.038581679e-64 0.2886751346 0.2886751346 5.551115123e-17 1.922962686e-16
1.519290839e-64 0.2886751346 0.2886751346 5.551115123e-17 1.922962686e-16
7.596454197e-65 0.2886751346 0.2886751346 5.551115123e-17 1.922962686e-16
3.798227098e-65 0.2886751346 0.2886751346 5.551115123e-17 1.922962686e-16
1.899113549e-65 0.2886751346 0.2886751346 5.551115123e-17 1.922962686e-16
9.495567746e-66 0.2886751346 0.2886751346 5.551115123e-17 1.922962686e-16
4.747783873e-66 0.2886751346 0.2886751346 5.551115123e-17 1.922962686e-16
2.373891936e-66 0.2886751346 0.2886751346 5.551115123e-17 1.922962686e-16
1.186945968e-66 0.2886751346 0.2886751346 5.551115123e-17 1.922962686e-16
5.934729841e-67 0.2886751346 0.2886751346 5.551115123e-17 1.922962686e-16
2.967364921e-67 0.2886751346 0.2886751346 5.551115123e-17 1.922962686e-16
1.48368246e-67 0.2886751346 0.2886751346 5.551115123e-17 1.922962686e-16
7.418412301e-68 0.2886751346 0.2886751346 5.551115123e-17 1.922962686e-16
3.709206151e-68 0.2886751346 0.2886751346 5.551115123e-17 1.922962686e-16
1.854603075e-68 0.2886751346 0.2886751346 5.551115123e-17 1.922962686e-16
9.273015377e-69 0.2886751346 0.2886751346 5.551115123e-17 1.922962686e-16
4.636507688e-69 0.2886751346 0.2886751346 5.551115123e-17 1.922962686e-16
2.318253844e-69 0.2886751346 0.2886751346 5.551115123e-17 1.922962686e-16
1.159126922e-69 0.2886751346 0.2886751346 5.551115123e-17 1.922962686e-16
5.79563461e-70 0.2886751346 0.2886751346 5.551115123e-17 1.922962686e-16
2.897817305e-70 0.2886751346 0.2886751346 5.551115123e-17 1.922962686e-16
1.448908653e-70 0.2886751346 0.2886751346 5.551115123e-17 1.922962686e-16
7.244543263e-71 0.2886751346 0.2886751346 5.551115123e-17 1.922962686e-16
3.622271632e-71 0.2886751346 0.2886751346 5.551115123e-17 1.922962686e-16
1.811135816e-71 0.2886751346 0.2886751346 5.551115123e-17 1.922962686e-16
9.055679079e-72 0.2886751346 0.2886751346 5.551115123e-17 1.922962686e-16
4.527839539e-72 0.2886751346 0.2886751346 5.551115123e-17 1.922962686e-16
2.26391977e-72 0.2886751346 0.2886751346 5.551115123e-17 1.922962686e-16
1.131959885e-72 0.2886751346 0.2886751346 5.551115123e-17 1.922962686e-16
5.659799424e-73 0.2886751346 0.2886751346 5.551115123e-17 1.922962686e-16
2.829899712e-73 0.2886751346 0.2886751346 5.551115123e-17 1.922962686e-16
1.414949856e-73 0.2886751346 0.2886751346 5.551115123e-17 1.922962686e-16
7.07474928e-74 0.2886751346 0.2886751346 5.551115123e-17 1.922962686e-16
3.53737464e-74 0.2886751346 0.2886751346 5.551115123e-17 1.922962686e-16
1.76868732e-74 0.2886751346 0.2886751346 5.551115123e-17 1.922962686e-16
8.8434366e-75 0.2886751346 0.2886751346 5.551115123e-17 1.922962686e-16
4.4217183e-75 0.2886751346 0.2886751346 5.551115123e-17 1.922962686e-16
2.21085915e-75 0.2886751346 0.2886751346 5.551115123e-17 1.922962686e-16
1.105429575e-75 0.2886751346 0.2886751346 5.551115123e-17 1.922962686e-16
5.527147875e-76 0.2886751346 0.2886751346 5.551115123e-17 1.922962686e-16
2.763573938e-76 0.2886751346 0.2886751346 5.551115123e-17 1.922962686e-16
1.381786969e-76 0.2886751346 0.2886751346 5.551115123e-17 1.922962686e-16
6.908934844e-77 0.2886751346 0.2886751346 5.551115123e-17 1.922962686e-16
3.454467422e-77 0.2886751346 0.2886751346 5.551115123e-17 1.922962686e-16
1.727233711e-77 0.2886751346 0.2886751346 5.551115123e-17 1.922962686e-16
8.636168555e-78 0.2886751346 0.2886751346 5.551115123e-17 1.922962686e-16
4.318084278e-78 0.2886751346 0.2886751346 5.551115123e-17 1.922962686e-16
2.159042139e-78 0.2886751346 0.2886751346 5.551115123e-17 1.922962686e-16
1.079521069e-78 0.2886751346 0.2886751346 5.551115123e-17 1.922962686e-16
5.397605347e-79 0.2886751346 0.2886751346 5.551115123e-17 1.922962686e-16
2.698802673e-79 0.2886751346 0.2886751346 5.551115123e-17 1.922962686e-16
1.349401337e-79 0.2886751346 0.2886751346 5.551115123e-17 1.922962686e-16
6.747006684e-80 0.2886751346 0.2886751346 5.551115123e-17 1.922962686e-16
3.373503342e-80 0.2886751346 0.2886751346 5.551115123e-17 1.922962686e-16
1.686751671e-80 0.2886751346 0.2886751346 5.551115123e-17 1.922962686e-16
8.433758355e-81 0.2886751346 0.2886751346 5.551115123e-17 1.922962686e-16
4.216879177e-81 0.2886751346 0.2886751346 5.551115123e-17 1.922962686e-16
2.108439589e-81 0.2886751346 0.2886751346 5.551115123e-17 1.922962686e-16
1.054219794e-81 0.2886751346 0.2886751346 5.551115123e-17 1.922962686e-16
5.271098972e-82 0.2886751346 0.2886751346 5.551115123e-17 1.922962686e-16
2.635549486e-82 0.2886751346 0.2886751346 5.551115123e-17 1.922962686e-16
1.317774743e-82 0.2886751346 0.2886751346 5.551115123e-17 1.922962686e-16
6.588873715e-83 0.2886751346 0.2886751346 5.551115123e-17 1.922962686e-16
3.294436857e-83 0.2886751346 0.2886751346 5.551115123e-17 1.922962686e-16
1.647218429e-83 0.2886751346 0.2886751346 5.551115123e-17 1.922962686e-16
8.236092143e-84 0.2886751346 0.2886751346 5.551115123e-17 1.922962686e-16
4.118046072e-84 0.2886751346 0.2886751346 5.551115123e-17 1.922962686e-16
2.059023036e-84 0.2886751346 0.2886751346 5.551115123e-17 1.922962686e-16
1.029511518e-84 0.2886751346 0.2886751346 5.551115123e-17 1.922962686e-16
5.147557589e-85 0.2886751346 0.2886751346 5.551115123e-17 1.922962686e-16
2.573778795e-85 0.2886751346 0.2886751346 5.551115123e-17 1.922962686e-16
1.286889397e-85 0.2886751346 0.2886751346 5.551115123e-17 1.922962686e-16
6.434446987e-86 0.2886751346 0.2886751346 5.551115123e-17 1.922962686e-16
3.217223493e-86 0.2886751346 0.2886751346 5.551115123e-17 1.922962686e-16
1.608611747e-86 0.2886751346 0.2886751346 5.551115123e-17 1.922962686e-16
8.043058734e-87 0.2886751346 0.2886751346 5.551115123e-17 1.922962686e-16
4.021529367e-87 0.2886751346 0.2886751346 5.551115123e-17 1.922962686e-16
2.010764683e-87 0.2886751346 0.2886751346 5.551115123e-17 1.922962686e-16
1.005382342e-87 0.2886751346 0.2886751346 5.551115123e-17 1.922962686e-16
5.026911708e-88 0.2886751346 0.2886751346 5.551115123e-17 1.922962686e-16
2.513455854e-88 0.2886751346 0.2886751346 5.551115123e-17 1.922962686e-16
1.256727927e-88 0.2886751346 0.2886751346 5.551115123e-17 1.922962686e-16
6.283639636e-89 0.2886751346 0.2886751346 5.551115123e-17 1.922962686e-16
3.141819818e-89 0.2886751346 0.2886751346 5.551115123e-17 1.922962686e-16
1.570909909e-89 0.2886751346 0.2886751346 5.551115123e-17 1.922962686e-16
7.854549544e-90 0.2886751346 0.2886751346 5.551115123e-17 1.922962686e-16
3.927274772e-90 0.2886751346 0.2886751346 5.551115123e-17 1.922962686e-16
1.963637386e-90 0.2886751346 0.2886751346 5.551115123e-17 1.922962686e-16
9.818186931e-91 0.2886751346 0.2886751346 5.551115123e-17 1.922962686e-16
4.909093465e-91 0.2886751346 0.2886751346 5.551115123e-17 1.922962686e-16
2.454546733e-91 0.2886751346 0.2886751346 5.551115123e-17 1.922962686e-16
1.227273366e-91 0.2886751346 0.2886751346 5.551115123e-17 1.922962686e-16
6.136366832e-92 0.2886751346 0.2886751346 5.551115123e-17 1.922962686e-16
3.068183416e-92 0.2886751346 0.2886751346 5.551115123e-17 1.922962686e-16
1.534091708e-92 0.2886751346 0.2886751346 5.551115123e-17 1.922962686e-16
7.67045854e-93 0.2886751346 0.2886751346 5.551115123e-17 1.922962686e-16
3.83522927e-93 0.2886751346 0.2886751346 5.551115123e-17 1.922962686e-16
1.917614635e-93 0.2886751346 0.2886751346 5.551115123e-17 1.922962686e-16
9.588073174e-94 0.2886751346 0.2886751346 5.551115123e-17 1.922962686e-16
4.794036587e-94 0.2886751346 0.2886751346 5.551115123e-17 1.922962686e-16
2.397018294e-94 0.2886751346 0.2886751346 5.551115123e-17 1.922962686e-16
1.198509147e-94 0.2886751346 0.2886751346 5.551115123e-17 1.922962686e-16
5.992545734e-95 0.2886751346 0.2886751346 5.551115123e-17 1.922962686e-16
2.996272867e-95 0.2886751346 0.2886751346 5.551115123e-17 1.922962686e-16
1.498136434e-95 0.2886751346 0.2886751346 5.551115123e-17 1.922962686e-16
7.490682168e-96 0.2886751346 0.2886751346 5.551115123e-17 1.922962686e-16
3.745341084e-96 0.2886751346 0.2886751346 5.551115123e-17 1.922962686e-16
1.872670542e-96 0.2886751346 0.2886751346 5.551115123e-17 1.922962686e-16
9.363352709e-97 0.2886751346 0.2886751346 5.551115123e-17 1.922962686e-16
4.681676355e-97 0.2886751346 0.2886751346 5.551115123e-17 1.922962686e-16
2.340838177e-97 0.2886751346 0.2886751346 5.551115123e-17 1.922962686e-16
1.170419089e-97 0.2886751346 0.2886751346 5.551115123e-17 1.922962686e-16
5.852095443e-98 0.2886751346 0.2886751346 5.551115123e-17 1.922962686e-16
2.926047722e-98 0.2886751346 0.2886751346 5.551115123e-17 1.922962686e-16
1.463023861e-98 0.2886751346 0.2886751346 5.551115123e-17 1.922962686e-16
7.315119304e-99 0.2886751346 0.2886751346 5.551115123e-17 1.922962686e-16
3.657559652e-99 0.2886751346 0.2886751346 5.551115123e-17 1.922962686e-16
1.828779826e-99 0.2886751346 0.2886751346 5.551115123e-17 1.922962686e-16
9.14389913e-100 0.2886751346 0.2886751346 5.551115123e-17 1.922962686e-16
4.571949565e-100 0.2886751346 0.2886751346 5.551115123e-17 1.922962686e-16
2.285974783e-100 0.2886751346 0.2886751346 5.551115123e-17 1.922962686e-16
1.142987391e-100 0.2886751346 0.2886751346 5.551115123e-17 1.922962686e-16
5.714936956e-101 0.2886751346 0.2886751346 5.551115123e-17 1.922962686e-16
2.857468478e-101 0.2886751346 0.2886751346 5.551115123e-17 1.922962686e-16
1.428734239e-101 0.2886751346 0.2886751346 5.551115123e-17 1.922962686e-16
7.143671196e-102 0.2886751346 0.2886751346 5.551115123e-17 1.922962686e-16
3.571835598e-102 0.2886751346 0.2886751346 5.551115123e-17 1.922962686e-16
1.785917799e-102 0.2886751346 0.2886751346 5.551115123e-17 1.922962686e-16
8.929588994e-103 0.2886751346 0.2886751346 5.551115123e-17 1.922962686e-16
4.464794497e-103 0.2886751346 0.2886751346 5.551115123e-17 1.922962686e-16
2.232397249e-103 0.2886751346 0.2886751346 5.551115123e-17 1.922962686e-16
1.116198624e-103 0.2886751346 0.2886751346 5.551115123e-17 1.922962686e-16
5.580993121e-104 0.2886751346 0.2886751346 5.551115123e-17 1.922962686e-16
2.790496561e-104 0.2886751346 0.2886751346 5.551115123e-17 1.922962686e-16
1.39524828e-104 0.2886751346 0.2886751346 5.551115123e-17 1.922962686e-16
6.976241402e-105 0.2886751346 0.2886751346 5.551115123e-17 1.922962686e-16
3.488120701e-105 0.2886751346 0.2886751346 5.551115123e-17 1.922962686e-16
1.74406035e-105 0.2886751346 0.2886751346 5.551115123e-17 1.922962686e-16
8.720301752e-106 0.2886751346 0.2886751346 5.551115123e-17 1.922962686e-16
4.360150876e-106 0.2886751346 0.2886751346 5.551115123e-17 1.922962686e-16
2.180075438e-106 0.2886751346 0.2886751346 5.551115123e-17 1.922962686e-16
1.090037719e-106 0.2886751346 0.2886751346 5.551115123e-17 1.922962686e-16
5.450188595e-107 0.2886751346 0.2886751346 5.551115123e-17 1.922962686e-16
2.725094298e-107 0.2886751346 0.2886751346 5.551115123e-17 1.922962686e-16
1.362547149e-107 0.2886751346 0.2886751346 5.551115123e-17 1.922962686e-16
6.812735744e-108 0.2886751346 0.2886751346 5.551115123e-17 1.922962686e-16
3.406367872e-108 0.2886751346 0.2886751346 5.551115123e-17 1.922962686e-16
1.703183936e-108 0.2886751346 0.2886751346 5.551115123e-17 1.922962686e-16
8.51591968e-109 0.2886751346 0.2886751346 5.551115123e-17 1.922962686e-16
4.25795984e-109 0.2886751346 0.2886751346 5.551115123e-17 1.922962686e-16
2.12897992e-109 0.2886751346 0.2886751346 5.551115123e-17 1.922962686e-16
1.06448996e-109 0.2886751346 0.2886751346 5.551115123e-17 1.922962686e-16
5.3224498e-110 0.2886751346 0.2886751346 5.551115123e-17 1.922962686e-16
2.6612249e-110 0.2886751346 0.2886751346 5.551115123e-17 1.922962686e-16
1.33061245e-110 0.2886751346 0.2886751346 5.551115123e-17 1.922962686e-16
6.65306225e-111 0.2886751346 0.2886751346 5.551115123e-17 1.922962686e-16
3.326531125e-111 0.2886751346 0.2886751346 5.551115123e-17 1.922962686e-16
1.663265563e-111 0.2886751346 0.2886751346 5.551115123e-17 1.922962686e-16
8.316327813e-112 0.2886751346 0.2886751346 5.551115123e-17 1.922962686e-16
4.158163906e-112 0.2886751346 0.2886751346 5.551115123e-17 1.922962686e-16
2.079081953e-112 0.2886751346 0.2886751346 5.551115123e-17 1.922962686e-16
1.039540977e-112 0.2886751346 0.2886751346 5.551115123e-17 1.922962686e-16
5.197704883e-113 0.2886751346 0.2886751346 5.551115123e-17 1.922962686e-16
2.598852441e-113 0.2886751346 0.2886751346 5.551115123e-17 1.922962686e-16
1.299426221e-113 0.2886751346 0.2886751346 5.551115123e-17 1.922962686e-16
6.497131104e-114 0.2886751346 0.2886751346 5.551115123e-17 1.922962686e-16
3.248565552e-114 0.2886751346 0.2886751346 5.551115123e-17 1.922962686e-16
1.624282776e-114 0.2886751346 0.2886751346 5.551115123e-17 1.922962686e-16
8.121413879e-115 0.2886751346 0.2886751346 5.551115123e-17 1.922962686e-16
4.06070694e-115 0.2886751346 0.2886751346 5.551115123e-17 1.922962686e-16
2.03035347e-115 0.2886751346 0.2886751346 5.551115123e-17 1.922962686e-16
1.015176735e-115 0.2886751346 0.2886751346 5.551115123e-17 1.922962686e-16
5.075883675e-116 0.2886751346 0.2886751346 5.551115123e-17 1.922962686e-16
2.537941837e-116 0.2886751346 0.2886751346 5.551115123e-17 1.922962686e-16
1.268970919e-116 0.2886751346 0.2886751346 5.551115123e-17 1.922962686e-16
6.344854593e-117 0.2886751346 0.2886751346 5.551115123e-17 1.922962686e-16
3.172427297e-117 0.2886751346 0.2886751346 5.551115123e-17 1.922962686e-16
1.586213648e-117 0.2886751346 0.2886751346 5.551115123e-17 1.922962686e-16
7.931068242e-118 0.2886751346 0.2886751346 5.551115123e-17 1.922962686e-16
3.965534121e-118 0.2886751346 0.2886751346 5.551115123e-17 1.922962686e-16
1.98276706e-118 0.2886751346 0.2886751346 5.551115123e-17 1.922962686e-16
9.913835302e-119 0.2886751346 0.2886751346 5.551115123e-17 1.922962686e-16
4.956917651e-119 0.2886751346 0.2886751346 5.551115123e-17 1.922962686e-16
2.478458826e-119 0.2886751346 0.2886751346 5.551115123e-17 1.922962686e-16
1.239229413e-119 0.2886751346 0.2886751346 5.551115123e-17 1.922962686e-16
6.196147064e-120 0.2886751346 0.2886751346 5.551115123e-17 1.922962686e-16
3.098073532e-120 0.2886751346 0.2886751346 5.551115123e-17 1.922962686e-16
1.549036766e-120 0.2886751346 0.2886751346 5.551115123e-17 1.922962686e-16
7.74518383e-121 0.2886751346 0.2886751346 5.551115123e-17 1.922962686e-16
3.872591915e-121 0.2886751346 0.2886751346 5.551115123e-17 1.922962686e-16
1.936295957e-121 0.2886751346 0.2886751346 5.551115123e-17 1.922962686e-16
9.681479787e-122 0.2886751346 0.2886751346 5.551115123e-17 1.922962686e-16
4.840739894e-122 0.2886751346 0.2886751346 5.551115123e-17 1.922962686e-16
2.420369947e-122 0.2886751346 0.2886751346 5.551115123e-17 1.922962686e-16
1.210184973e-122 0.2886751346 0.2886751346 5.551115123e-17 1.922962686e-16
6.050924867e-123 0.2886751346 0.2886751346 5.551115123e-17 1.922962686e-16
3.025462433e-123 0.2886751346 0.2886751346 5.551115123e-17 1.922962686e-16
1.512731217e-123 0.2886751346 0.2886751346 5.551115123e-17 1.922962686e-16
7.563656084e-124 0.2886751346 0.2886751346 5.551115123e-17 1.922962686e-16
3.781828042e-124 0.2886751346 0.2886751346 5.551115123e-17 1.922962686e-16
1.890914021e-124 0.2886751346 0.2886751346 5.551115123e-17 1.922962686e-16
9.454570105e-125 0.2886751346 0.2886751346 5.551115123e-17 1.922962686e-16
4.727285052e-125 0.2886751346 0.2886751346 5.551115123e-17 1.922962686e-16
2.363642526e-125 0.2886751346 0.2886751346 5.551115123e-17 1.922962686e-16
1.181821263e-125 0.2886751346 0.2886751346 5.551115123e-17 1.922962686e-16
5.909106315e-126 0.2886751346 0.2886751346 5.551115123e-17 1.922962686e-16
2.954553158e-126 0.2886751346 0.2886751346 5.551115123e-17 1.922962686e-16
1.477276579e-126 0.2886751346 0.2886751346 5.551115123e-17 1.922962686e-16
7.386382894e-127 0.2886751346 0.2886751346 5.551115123e-17 1.922962686e-16
3.693191447e-127 0.2886751346 0.2886751346 5.551115123e-17 1.922962686e-16
1.846595724e-127 0.2886751346 0.2886751346 5.551115123e-17 1.922962686e-16
9.232978618e-128 0.2886751346 0.2886751346 5.551115123e-17 1.922962686e-16
4.616489309e-128 0.2886751346 0.2886751346 5.551115123e-17 1.922962686e-16
2.308244654e-128 0.2886751346 0.2886751346 5.551115123e-17 1.922962686e-16
1.154122327e-128 0.2886751346 0.2886751346 5.551115123e-17 1.922962686e-16
5.770611636e-129 0.2886751346 0.2886751346 5.551115123e-17 1.922962686e-16
2.885305818e-129 0.2886751346 0.2886751346 5.551115123e-17 1.922962686e-16
1.442652909e-129 0.2886751346 0.2886751346 5.551115123e-17 1.922962686e-16
7.213264545e-130 0.2886751346 0.2886751346 5.551115123e-17 1.922962686e-16
3.606632273e-130 0.2886751346 0.2886751346 5.551115123e-17 1.922962686e-16
1.803316136e-130 0.2886751346 0.2886751346 5.551115123e-17 1.922962686e-16
9.016580681e-131 0.2886751346 0.2886751346 5.551115123e-17 1.922962686e-16
4.508290341e-131 0.2886751346 0.2886751346 5.551115123e-17 1.922962686e-16
2.25414517e-131 0.2886751346 0.2886751346 5.551115123e-17 1.922962686e-16
1.127072585e-131 0.2886751346 0.2886751346 5.551115123e-17 1.922962686e-16
5.635362926e-132 0.2886751346 0.2886751346 5.551115123e-17 1.922962686e-16
2.817681463e-132 0.2886751346 0.2886751346 5.551115123e-17 1.922962686e-16
1.408840731e-132 0.2886751346 0.2886751346 5.551115123e-17 1.922962686e-16
7.044203657e-133 0.2886751346 0.2886751346 5.551115123e-17 1.922962686e-16
3.522101829e-133 0.2886751346 0.2886751346 5.551115123e-17 1.922962686e-16
1.761050914e-133 0.2886751346 0.2886751346 5.551115123e-17 1.922962686e-16
8.805254572e-134 0.2886751346 0.2886751346 5.551115123e-17 1.922962686e-16
4.402627286e-134 0.2886751346 0.2886751346 5.551115123e-17 1.922962686e-16
2.201313643e-134 0.2886751346 0.2886751346 5.551115123e-17 1.922962686e-16
1.100656821e-134 0.2886751346 0.2886751346 5.551115123e-17 1.922962686e-16
5.503284107e-135 0.2886751346 0.2886751346 5.551115123e-17 1.922962686e-16
2.751642054e-135 0.2886751346 0.2886751346 5.551115123e-17 1.922962686e-16
1.375821027e-135 0.2886751346 0.2886751346 5.551115123e-17 1.922962686e-16
6.879105134e-136 0.2886751346 0.2886751346 5.551115123e-17 1.922962686e-16
3.439552567e-136 0.2886751346 0.2886751346 5.551115123e-17 1.922962686e-16
1.719776284e-136 0.2886751346 0.2886751346 5.551115123e-17 1.922962686e-16
8.598881418e-137 0.2886751346 0.2886751346 5.551115123e-17 1.922962686e-16
4.299440709e-137 0.2886751346 0.2886751346 5.551115123e-17 1.922962686e-16
2.149720354e-137 0.2886751346 0.2886751346 5.551115123e-17 1.922962686e-16
1.074860177e-137 0.2886751346 0.2886751346 5.551115123e-17 1.922962686e-16
5.374300886e-138 0.2886751346 0.2886751346 5.551115123e-17 1.922962686e-16
2.687150443e-138 0.2886751346 0.2886751346 5.551115123e-17 1.922962686e-16
1.343575222e-138 0.2886751346 0.2886751346 5.551115123e-17 1.922962686e-16
6.717876108e-139 0.2886751346 0.2886751346 5.551115123e-17 1.922962686e-16
3.358938054e-139 0.2886751346 0.2886751346 5.551115123e-17 1.922962686e-16
1.679469027e-139 0.2886751346 0.2886751346 5.551115123e-17 1.922962686e-16
8.397345134e-140 0.2886751346 0.2886751346 5.551115123e-17 1.922962686e-16
4.198672567e-140 0.2886751346 0.2886751346 5.551115123e-17 1.922962686e-16
2.099336284e-140 0.2886751346 0.2886751346 5.551115123e-17 1.922962686e-16
1.049668142e-140 0.2886751346 0.2886751346 5.551115123e-17 1.922962686e-16
5.248340709e-141 0.2886751346 0.2886751346 5.551115123e-17 1.922962686e-16
2.624170355e-141 0.2886751346 0.2886751346 5.551115123e-17 1.922962686e-16
1.312085177e-141 0.2886751346 0.2886751346 5.551115123e-17 1.922962686e-16
6.560425886e-142 0.2886751346 0.2886751346 5.551115123e-17 1.922962686e-16
3.280212943e-142 0.2886751346 0.2886751346 5.551115123e-17 1.922962686e-16
1.640106472e-142 0.2886751346 0.2886751346 5.551115123e-17 1.922962686e-16
8.200532358e-143 0.2886751346 0.2886751346 5.551115123e-17 1.922962686e-16
4.100266179e-143 0.2886751346 0.2886751346 5.551115123e-17 1.922962686e-16
2.050133089e-143 0.2886751346 0.2886751346 5.551115123e-17 1.922962686e-16
1.025066545e-143 0.2886751346 0.2886751346 5.551115123e-17 1.922962686e-16
5.125332724e-144 0.2886751346 0.2886751346 5.551115123e-17 1.922962686e-16
2.562666362e-144 0.2886751346 0.2886751346 5.551115123e-17 1.922962686e-16
1.281333181e-144 0.2886751346 0.2886751346 5.551115123e-17 1.922962686e-16
6.406665905e-145 0.2886751346 0.2886751346 5.551115123e-17 1.922962686e-16
3.203332952e-145 0.2886751346 0.2886751346 5.551115123e-17 1.922962686e-16
1.601666476e-145 0.2886751346 0.2886751346 5.551115123e-17 1.922962686e-16
8.008332381e-146 0.2886751346 0.2886751346 5.551115123e-17 1.922962686e-16
4.00416619e-146 0.2886751346 0.2886751346 5.551115123e-17 1.922962686e-16
2.002083095e-146 0.2886751346 0.2886751346 5.551115123e-17 1.922962686e-16
1.001041548e-146 0.2886751346 0.2886751346 5.551115123e-17 1.922962686e-16
5.005207738e-147 0.2886751346 0.2886751346 5.551115123e-17 1.922962686e-16
2.502603869e-147 0.2886751346 0.2886751346 5.551115123e-17 1.922962686e-16
1.251301934e-147 0.2886751346 0.2886751346 5.551115123e-17 1.922962686e-16
6.256509672e-148 0.2886751346 0.2886751346 5.551115123e-17 1.922962686e-16
3.128254836e-148 0.2886751346 0.2886751346 5.551115123e-17 1.922962686e-16
1.564127418e-148 0.2886751346 0.2886751346 5.551115123e-17 1.922962686e-16
7.820637091e-149 0.2886751346 0.2886751346 5.551115123e-17 1.922962686e-16
3.910318545e-149 0.2886751346 0.2886751346 5.551115123e-17 1.922962686e-16
1.955159273e-149 0.2886751346 0.2886751346 5.551115123e-17 1.922962686e-16
9.775796363e-150 0.2886751346 0.2886751346 5.551115123e-17 1.922962686e-16
4.887898182e-150 0.2886751346 0.2886751346 5.551115123e-17 1.922962686e-16
2.443949091e-150 0.2886751346 0.2886751346 5.551115123e-17 1.922962686e-16
1.221974545e-150 0.2886751346 0.2886751346 5.551115123e-17 1.922962686e-16
6.109872727e-151 0.2886751346 0.2886751346 5.551115123e-17 1.922962686e-16
3.054936363e-151 0.2886751346 0.2886751346 5.551115123e-17 1.922962686e-16
1.527468182e-151 0.2886751346 0.2886751346 5.551115123e-17 1.922962686e-16
7.637340909e-152 0.2886751346 0.2886751346 5.551115123e-17 1.922962686e-16
3.818670454e-152 0.2886751346 0.2886751346 5.551115123e-17 1.922962686e-16
1.909335227e-152 0.2886751346 0.2886751346 5.551115123e-17 1.922962686e-16
9.546676136e-153 0.2886751346 0.2886751346 5.551115123e-17 1.922962686e-16
4.773338068e-153 0.2886751346 0.2886751346 5.551115123e-17 1.922962686e-16
2.386669034e-153 0.2886751346 0.2886751346 5.551115123e-17 1.922962686e-16
1.193334517e-153 0.2886751346 0.2886751346 5.551115123e-17 1.922962686e-16
5.966672585e-154 0.2886751346 0.2886751346 5.551115123e-17 1.922962686e-16
2.983336292e-154 0.2886751346 0.2886751346 5.551115123e-17 1.922962686e-16
1.491668146e-154 0.2886751346 0.2886751346 5.551115123e-17 1.922962686e-16
7.458340731e-155 0.2886751346 0.2886751346 5.551115123e-17 1.922962686e-16
3.729170366e-155 0.2886751346 0.2886751346 5.551115123e-17 1.922962686e-16
1.864585183e-155 0.2886751346 0.2886751346 5.551115123e-17 1.922962686e-16
9.322925914e-156 0.2886751346 0.2886751346 5.551115123e-17 1.922962686e-16
4.661462957e-156 0.2886751346 0.2886751346 5.551115123e-17 1.922962686e-16
2.330731479e-156 0.2886751346 0.2886751346 5.551115123e-17 1.922962686e-16
1.165365739e-156 0.2886751346 0.2886751346 5.551115123e-17 1.922962686e-16
5.826828696e-157 0.2886751346 0.2886751346 5.551115123e-17 1.922962686e-16
2.913414348e-157 0.2886751346 0.2886751346 5.551115123e-17 1.922962686e-16
1.456707174e-157 0.2886751346 0.2886751346 5.551115123e-17 1.922962686e-16
7.28353587e-158 0.2886751346 0.2886751346 5.551115123e-17 1.922962686e-16
3.641767935e-158 0.2886751346 0.2886751346 5.551115123e-17 1.922962686e-16
1.820883968e-158 0.2886751346 0.2886751346 5.551115123e-17 1.922962686e-16
9.104419838e-159 0.2886751346 0.2886751346 5.551115123e-17 1.922962686e-16
4.552209919e-159 0.2886751346 0.2886751346 5.551115123e-17 1.922962686e-16
2.276104959e-159 0.2886751346 0.2886751346 5.551115123e-17 1.922962686e-16
1.13805248e-159 0.2886751346 0.2886751346 5.551115123e-17 1.922962686e-16
5.690262399e-160 0.2886751346 0.2886751346 5.551115123e-17 1.922962686e-16
2.845131199e-160 0.2886751346 0.2886751346 5.551115123e-17 1.922962686e-16
1.4225656e-160 0.2886751346 0.2886751346 5.551115123e-17 1.922962686e-16
7.112827998e-161 0.2886751346 0.2886751346 5.551115123e-17 1.922962686e-16
3.556413999e-161 0.2886751346 0.2886751346 5.551115123e-17 1.922962686e-16
1.778207e-161 0.2886751346 0.2886751346 5.551115123e-17 1.922962686e-16
8.891034998e-162 0.2886751346 0.2886751346 5.551115123e-17 1.922962686e-16
4.445517499e-162 0.2886751346 0.2886751346 5.551115123e-17 1.922962686e-16
2.222758749e-162 0.2886751346 0.2886751346 5.551115123e-17 1.922962686e-16
1.111379375e-162 0.2886751346 0.2886751346 5.551115123e-17 1.922962686e-16
5.556896874e-163 0.2886751346 0.2886751346 5.551115123e-17 1.922962686e-16
2.778448437e-163 0.2886751346 0.2886751346 5.551115123e-17 1.922962686e-16
1.389224218e-163 0.2886751346 0.2886751346 5.551115123e-17 1.922962686e-16
6.946121092e-164 0.2886751346 0.2886751346 5.551115123e-17 1.922962686e-16
3.473060546e-164 0.2886751346 0.2886751346 5.551115123e-17 1.922962686e-16
1.736530273e-164 0.2886751346 0.2886751346 5.551115123e-17 1.922962686e-16
8.682651365e-165 0.2886751346 0.2886751346 5.551115123e-17 1.922962686e-16
4.341325683e-165 0.2886751346 0.2886751346 5.551115123e-17 1.922962686e-16
2.170662841e-165 0.2886751346 0.2886751346 5.551115123e-17 1.922962686e-16
1.085331421e-165 0.2886751346 0.2886751346 5.551115123e-17 1.922962686e-16
5.426657103e-166 0.2886751346 0.2886751346 5.551115123e-17 1.922962686e-16
2.713328552e-166 0.2886751346 0.2886751346 5.551115123e-17 1.922962686e-16
1.356664276e-166 0.2886751346 0.2886751346 5.551115123e-17 1.922962686e-16
6.783321379e-167 0.2886751346 0.2886751346 5.551115123e-17 1.922962686e-16
3.39166069e-167 0.2886751346 0.2886751346 5.551115123e-17 1.922962686e-16
1.695830345e-167 0.2886751346 0.2886751346 5.551115123e-17 1.922962686e-16
8.479151724e-168 0.2886751346 0.2886751346 5.551115123e-17 1.922962686e-16
4.239575862e-168 0.2886751346 0.2886751346 5.551115123e-17 1.922962686e-16
2.119787931e-168 0.2886751346 0.2886751346 5.551115123e-17 1.922962686e-16
1.059893965e-168 0.2886751346 0.2886751346 5.551115123e-17 1.922962686e-16
5.299469827e-169 0.2886751346 0.2886751346 5.551115123e-17 1.922962686e-16
2.649734914e-169 0.2886751346 0.2886751346 5.551115123e-17 1.922962686e-16
1.324867457e-169 0.2886751346 0.2886751346 5.551115123e-17 1.922962686e-16
6.624337284e-170 0.2886751346 0.2886751346 5.551115123e-17 1.922962686e-16
3.312168642e-170 0.2886751346 0.2886751346 5.551115123e-17 1.922962686e-16
1.656084321e-170 0.2886751346 0.2886751346 5.551115123e-17 1.922962686e-16
8.280421605e-171 0.2886751346 0.2886751346 5.551115123e-17 1.922962686e-16
4.140210803e-171 0.2886751346 0.2886751346 5.551115123e-17 1.922962686e-16
2.070105401e-171 0.2886751346 0.2886751346 5.551115123e-17 1.922962686e-16
1.035052701e-171 0.2886751346 0.2886751346 5.551115123e-17 1.922962686e-16
5.175263503e-172 0.2886751346 0.2886751346 5.551115123e-17 1.922962686e-16
2.587631752e-172 0.2886751346 0.2886751346 5.551115123e-17 1.922962686e-16
1.293815876e-172 0.2886751346 0.2886751346 5.551115123e-17 1.922962686e-16
6.469079379e-173 0.2886751346 0.2886751346 5.551115123e-17 1.922962686e-16
3.23453969e-173 0.2886751346 0.2886751346 5.551115123e-17 1.922962686e-16
1.617269845e-173 0.2886751346 0.2886751346 5.551115123e-17 1.922962686e-16
8.086349224e-174 0.2886751346 0.2886751346 5.551115123e-17 1.922962686e-16
4.043174612e-174 0.2886751346 0.2886751346 5.551115123e-17 1.922962686e-16
2.021587306e-174 0.2886751346 0.2886751346 5.551115123e-17 1.922962686e-16
1.010793653e-174 0.2886751346 0.2886751346 5.551115123e-17 1.922962686e-16
5.053968265e-175 0.2886751346 0.2886751346 5.551115123e-17 1.922962686e-16
2.526984132e-175 0.2886751346 0.2886751346 5.551115123e-17 1.922962686e-16
1.263492066e-175 0.2886751346 0.2886751346 5.551115123e-17 1.922962686e-16
6.317460331e-176 0.2886751346 0.2886751346 5.551115123e-17 1.922962686e-16
3.158730166e-176 0.2886751346 0.2886751346 5.551115123e-17 1.922962686e-16
1.579365083e-176 0.2886751346 0.2886751346 5.551115123e-17 1.922962686e-16
7.896825414e-177 0.2886751346 0.2886751346 5.551115123e-17 1.922962686e-16
3.948412707e-177 0.2886751346 0.2886751346 5.551115123e-17 1.922962686e-16
1.974206353e-177 0.2886751346 0.2886751346 5.551115123e-17 1.922962686e-16
9.871031767e-178 0.2886751346 0.2886751346 5.551115123e-17 1.922962686e-16
4.935515884e-178 0.2886751346 0.2886751346 5.551115123e-17 1.922962686e-16
2.467757942e-178 0.2886751346 0.2886751346 5.551115123e-17 1.922962686e-16
1.233878971e-178 0.2886751346 0.2886751346 5.551115123e-17 1.922962686e-16
6.169394855e-179 0.2886751346 0.2886751346 5.551115123e-17 1.922962686e-16
3.084697427e-179 0.2886751346 0.2886751346 5.551115123e-17 1.922962686e-16
1.542348714e-179 0.2886751346 0.2886751346 5.551115123e-17 1.922962686e-16
7.711743568e-180 0.2886751346 0.2886751346 5.551115123e-17 1.922962686e-16
3.855871784e-180 0.2886751346 0.2886751346 5.551115123e-17 1.922962686e-16
1.927935892e-180 0.2886751346 0.2886751346 5.551115123e-17 1.922962686e-16
9.63967946e-181 0.2886751346 0.2886751346 5.551115123e-17 1.922962686e-16
4.81983973e-181 0.2886751346 0.2886751346 5.551115123e-17 1.922962686e-16
2.409919865e-181 0.2886751346 0.2886751346 5.551115123e-17 1.922962686e-16
1.204959933e-181 0.2886751346 0.2886751346 5.551115123e-17 1.922962686e-16
6.024799663e-182 0.2886751346 0.2886751346 5.551115123e-17 1.922962686e-16
3.012399831e-182 0.2886751346 0.2886751346 5.551115123e-17 1.922962686e-16
1.506199916e-182 0.2886751346 0.2886751346 5.551115123e-17 1.922962686e-16
7.530999578e-183 0.2886751346 0.2886751346 5.551115123e-17 1.922962686e-16
3.765499789e-183 0.2886751346 0.2886751346 5.551115123e-17 1.922962686e-16
1.882749895e-183 0.2886751346 0.2886751346 5.551115123e-17 1.922962686e-16
9.413749473e-184 0.2886751346 0.2886751346 5.551115123e-17 1.922962686e-16
4.706874737e-184 0.2886751346 0.2886751346 5.551115123e-17 1.922962686e-16
2.353437368e-184 0.2886751346 0.2886751346 5.551115123e-17 1.922962686e-16
1.176718684e-184 0.2886751346 0.2886751346 5.551115123e-17 1.922962686e-16
5.883593421e-185 0.2886751346 0.2886751346 5.551115123e-17 1.922962686e-16
2.94179671e-185 0.2886751346 0.2886751346 5.551115123e-17 1.922962686e-16
1.470898355e-185 0.2886751346 0.2886751346 5.551115123e-17 1.922962686e-16
7.354491776e-186 0.2886751346 0.2886751346 5.551115123e-17 1.922962686e-16
3.677245888e-186 0.2886751346 0.2886751346 5.551115123e-17 1.922962686e-16
1.838622944e-186 0.2886751346 0.2886751346 5.551115123e-17 1.922962686e-16
9.19311472e-187 0.2886751346 0.2886751346 5.551115123e-17 1.922962686e-16
4.59655736e-187 0.2886751346 0.2886751346 5.551115123e-17 1.922962686e-16
2.29827868e-187 0.2886751346 0.2886751346 5.551115123e-17 1.922962686e-16
1.14913934e-187 0.2886751346 0.2886751346 5.551115123e-17 1.922962686e-16
5.7456967e-188 0.2886751346 0.2886751346 5.551115123e-17 1.922962686e-16
2.87284835e-188 0.2886751346 0.2886751346 5.551115123e-17 1.922962686e-16
1.436424175e-188 0.2886751346 0.2886751346 5.551115123e-17 1.922962686e-16
7.182120875e-189 0.2886751346 0.2886751346 5.551115123e-17 1.922962686e-16
3.591060437e-189 0.2886751346 0.2886751346 5.551115123e-17 1.922962686e-16
1.795530219e-189 0.2886751346 0.2886751346 5.551115123e-17 1.922962686e-16
8.977651094e-190 0.2886751346 0.2886751346 5.551115123e-17 1.922962686e-16
4.488825547e-190 0.2886751346 0.2886751346 5.551115123e-17 1.922962686e-16
2.244412773e-190 0.2886751346 0.2886751346 5.551115123e-17 1.922962686e-16
1.122206387e-190 0.2886751346 0.2886751346 5.551115123e-17 1.922962686e-16
5.611031933e-191 0.2886751346 0.2886751346 5.551115123e-17 1.922962686e-16
2.805515967e-191 0.2886751346 0.2886751346 5.551115123e-17 1.922962686e-16
1.402757983e-191 0.2886751346 0.2886751346 5.551115123e-17 1.922962686e-16
7.013789917e-192 0.2886751346 0.2886751346 5.551115123e-17 1.922962686e-16
3.506894958e-192 0.2886751346 0.2886751346 5.551115123e-17 1.922962686e-16
1.753447479e-192 0.2886751346 0.2886751346 5.551115123e-17 1.922962686e-16
8.767237396e-193 0.2886751346 0.2886751346 5.551115123e-17 1.922962686e-16
4.383618698e-193 0.2886751346 0.2886751346 5.551115123e-17 1.922962686e-16
2.191809349e-193 0.2886751346 0.2886751346 5.551115123e-17 1.922962686e-16
1.095904675e-193 0.2886751346 0.2886751346 5.551115123e-17 1.922962686e-16
5.479523373e-194 0.2886751346 0.2886751346 5.551115123e-17 1.922962686e-16
2.739761686e-194 0.2886751346 0.2886751346 5.551115123e-17 1.922962686e-16
1.369880843e-194 0.2886751346 0.2886751346 5.551115123e-17 1.922962686e-16
6.849404216e-195 0.2886751346 0.2886751346 5.551115123e-17 1.922962686e-16
3.424702108e-195 0.2886751346 0.2886751346 5.551115123e-17 1.922962686e-16
1.712351054e-195 0.2886751346 0.2886751346 5.551115123e-17 1.922962686e-16
8.56175527e-196 0.2886751346 0.2886751346 5.551115123e-17 1.922962686e-16
4.280877635e-196 0.2886751346 0.2886751346 5.551115123e-17 1.922962686e-16
2.140438817e-196 0.2886751346 0.2886751346 5.551115123e-17 1.922962686e-16
1.070219409e-196 0.2886751346 0.2886751346 5.551115123e-17 1.922962686e-16
5.351097043e-197 0.2886751346 0.2886751346 5.551115123e-17 1.922962686e-16
2.675548522e-197 0.2886751346 0.2886751346 5.551115123e-17 1.922962686e-16
1.337774261e-197 0.2886751346 0.2886751346 5.551115123e-17 1.922962686e-16
6.688871304e-198 0.2886751346 0.2886751346 5.551115123e-17 1.922962686e-16
3.344435652e-198 0.2886751346 0.2886751346 5.551115123e-17 1.922962686e-16
1.672217826e-198 0.2886751346 0.2886751346 5.551115123e-17 1.922962686e-16
8.36108913e-199 0.2886751346 0.2886751346 5.551115123e-17 1.922962686e-16
4.180544565e-199 0.2886751346 0.2886751346 5.551115123e-17 1.922962686e-16
2.090272283e-199 0.2886751346 0.2886751346 5.551115123e-17 1.922962686e-16
1.045136141e-199 0.2886751346 0.2886751346 5.551115123e-17 1.922962686e-16
5.225680707e-200 0.2886751346 0.2886751346 5.551115123e-17 1.922962686e-16
2.612840353e-200 0.2886751346 0.2886751346 5.551115123e-17 1.922962686e-16
1.306420177e-200 0.2886751346 0.2886751346 5.551115123e-17 1.922962686e-16
6.532100883e-201 0.2886751346 0.2886751346 5.551115123e-17 1.922962686e-16
3.266050442e-201 0.2886751346 0.2886751346 5.551115123e-17 1.922962686e-16
1.633025221e-201 0.2886751346 0.2886751346 5.551115123e-17 1.922962686e-16
8.165126104e-202 0.2886751346 0.2886751346 5.551115123e-17 1.922962686e-16
4.082563052e-202 0.2886751346 0.2886751346 5.551115123e-17 1.922962686e-16
2.041281526e-202 0.2886751346 0.2886751346 5.551115123e-17 1.922962686e-16
1.020640763e-202 0.2886751346 0.2886751346 5.551115123e-17 1.922962686e-16
5.103203815e-203 0.2886751346 0.2886751346 5.551115123e-17 1.922962686e-16
2.551601907e-203 0.2886751346 0.2886751346 5.551115123e-17 1.922962686e-16
1.275800954e-203 0.2886751346 0.2886751346 5.551115123e-17 1.922962686e-16
6.379004769e-204 0.2886751346 0.2886751346 5.551115123e-17 1.922962686e-16
3.189502384e-204 0.2886751346 0.2886751346 5.551115123e-17 1.922962686e-16
1.594751192e-204 0.2886751346 0.2886751346 5.551115123e-17 1.922962686e-16
7.973755961e-205 0.2886751346 0.2886751346 5.551115123e-17 1.922962686e-16
3.98687798e-205 0.2886751346 0.2886751346 5.551115123e-17 1.922962686e-16
1.99343899e-205 0.2886751346 0.2886751346 5.551115123e-17 1.922962686e-16
9.967194951e-206 0.2886751346 0.2886751346 5.551115123e-17 1.922962686e-16
4.983597476e-206 0.2886751346 0.2886751346 5.551115123e-17 1.922962686e-16
2.491798738e-206 0.2886751346 0.2886751346 5.551115123e-17 1.922962686e-16
1.245899369e-206 0.2886751346 0.2886751346 5.551115123e-17 1.922962686e-16
6.229496844e-207 0.2886751346 0.2886751346 5.551115123e-17 1.922962686e-16
3.114748422e-207 0.2886751346 0.2886751346 5.551115123e-17 1.922962686e-16
1.557374211e-207 0.2886751346 0.2886751346 5.551115123e-17 1.922962686e-16
7.786871056e-208 0.2886751346 0.2886751346 5.551115123e-17 1.922962686e-16
3.893435528e-208 0.2886751346 0.2886751346 5.551115123e-17 1.922962686e-16
1.946717764e-208 0.2886751346 0.2886751346 5.551115123e-17 1.922962686e-16
9.733588819e-209 0.2886751346 0.2886751346 5.551115123e-17 1.922962686e-16
4.86679441e-209 0.2886751346 0.2886751346 5.551115123e-17 1.922962686e-16
2.433397205e-209 0.2886751346 0.2886751346 5.551115123e-17 1.922962686e-16
1.216698602e-209 0.2886751346 0.2886751346 5.551115123e-17 1.922962686e-16
6.083493012e-210 0.2886751346 0.2886751346 5.551115123e-17 1.922962686e-16
3.041746506e-210 0.2886751346 0.2886751346 5.551115123e-17 1.922962686e-16
1.520873253e-210 0.2886751346 0.2886751346 5.551115123e-17 1.922962686e-16
7.604366265e-211 0.2886751346 0.2886751346 5.551115123e-17 1.922962686e-16
3.802183133e-211 0.2886751346 0.2886751346 5.551115123e-17 1.922962686e-16
1.901091566e-211 0.2886751346 0.2886751346 5.551115123e-17 1.922962686e-16
9.505457831e-212 0.2886751346 0.2886751346 5.551115123e-17 1.922962686e-16
4.752728916e-212 0.2886751346 0.2886751346 5.551115123e-17 1.922962686e-16
2.376364458e-212 0.2886751346 0.2886751346 5.551115123e-17 1.922962686e-16
1.188182229e-212 0.2886751346 0.2886751346 5.551115123e-17 1.922962686e-16
5.940911145e-213 0.2886751346 0.2886751346 5.551115123e-17 1.922962686e-16
2.970455572e-213 0.2886751346 0.2886751346 5.551115123e-17 1.922962686e-16
1.485227786e-213 0.2886751346 0.2886751346 5.551115123e-17 1.922962686e-16
7.426138931e-214 0.2886751346 0.2886751346 5.551115123e-17 1.922962686e-16
3.713069465e-214 0.2886751346 0.2886751346 5.551115123e-17 1.922962686e-16
1.856534733e-214 0.2886751346 0.2886751346 5.551115123e-17 1.922962686e-16
9.282673664e-215 0.2886751346 0.2886751346 5.551115123e-17 1.922962686e-16
4.641336832e-215 0.2886751346 0.2886751346 5.551115123e-17 1.922962686e-16
2.320668416e-215 0.2886751346 0.2886751346 5.551115123e-17 1.922962686e-16
1.160334208e-215 0.2886751346 0.2886751346 5.551115123e-17 1.922962686e-16
5.80167104e-216 0.2886751346 0.2886751346 5.551115123e-17 1.922962686e-16
2.90083552e-216 0.2886751346 0.2886751346 5.551115123e-17 1.922962686e-16
1.45041776e-216 0.2886751346 0.2886751346 5.551115123e-17 1.922962686e-16
7.2520888e-217 0.2886751346 0.2886751346 5.551115123e-17 1.922962686e-16
3.6260444e-217 0.2886751346 0.2886751346 5.551115123e-17 1.922962686e-16
1.8130222e-217 0.2886751346 0.2886751346 5.551115123e-17 1.922962686e-16
9.065111e-218 0.2886751346 0.2886751346 5.551115123e-17 1.922962686e-16
4.5325555e-218 0.2886751346 0.2886751346 5.551115123e-17 1.922962686e-16
2.26627775e-218 0.2886751346 0.2886751346 5.551115123e-17 1.922962686e-16
1.133138875e-218 0.2886751346 0.2886751346 5.551115123e-17 1.922962686e-16
5.665694375e-219 0.2886751346 0.2886751346 5.551115123e-17 1.922962686e-16
2.832847187e-219 0.2886751346 0.2886751346 5.551115123e-17 1.922962686e-16
1.416423594e-219 0.2886751346 0.2886751346 5.551115123e-17 1.922962686e-16
7.082117968e-220 0.2886751346 0.2886751346 5.551115123e-17 1.922962686e-16
3.541058984e-220 0.2886751346 0.2886751346 5.551115123e-17 1.922962686e-16
1.770529492e-220 0.2886751346 0.2886751346 5.551115123e-17 1.922962686e-16
8.852647461e-221 0.2886751346 0.2886751346 5.551115123e-17 1.922962686e-16
4.42632373e-221 0.2886751346 0.2886751346 5.551115123e-17 1.922962686e-16
2.213161865e-221 0.2886751346 0.2886751346 5.551115123e-17 1.922962686e-16
1.106580933e-221 0.2886751346 0.2886751346 5.551115123e-17 1.922962686e-16
5.532904663e-222 0.2886751346 0.2886751346 5.551115123e-17 1.922962686e-16
2.766452331e-222 0.2886751346 0.2886751346 5.551115123e-17 1.922962686e-16
1.383226166e-222 0.2886751346 0.2886751346 5.551115123e-17 1.922962686e-16
6.916130829e-223 0.2886751346 0.2886751346 5.551115123e-17 1.922962686e-16
3.458065414e-223 0.2886751346 0.2886751346 5.551115123e-17 1.922962686e-16
1.729032707e-223 0.2886751346 0.2886751346 5.551115123e-17 1.922962686e-16
8.645163536e-224 0.2886751346 0.2886751346 5.551115123e-17 1.922962686e-16
4.322581768e-224 0.2886751346 0.2886751346 5.551115123e-17 1.922962686e-16
2.161290884e-224 0.2886751346 0.2886751346 5.551115123e-17 1.922962686e-16
1.080645442e-224 0.2886751346 0.2886751346 5.551115123e-17 1.922962686e-16
5.40322721e-225 0.2886751346 0.2886751346 5.551115123e-17 1.922962686e-16
2.701613605e-225 0.2886751346 0.2886751346 5.551115123e-17 1.922962686e-16
1.350806802e-225 0.2886751346 0.2886751346 5.551115123e-17 1.922962686e-16
6.754034012e-226 0.2886751346 0.2886751346 5.551115123e-17 1.922962686e-16
3.377017006e-226 0.2886751346 0.2886751346 5.551115123e-17 1.922962686e-16
1.688508503e-226 0.2886751346 0.2886751346 5.551115123e-17 1.922962686e-16
8.442542515e-227 0.2886751346 0.2886751346 5.551115123e-17 1.922962686e-16
4.221271258e-227 0.2886751346 0.2886751346 5.551115123e-17 1.922962686e-16
2.110635629e-227 0.2886751346 0.2886751346 5.551115123e-17 1.922962686e-16
1.055317814e-227 0.2886751346 0.2886751346 5.551115123e-17 1.922962686e-16
5.276589072e-228 0.2886751346 0.2886751346 5.551115123e-17 1.922962686e-16
2.638294536e-228 0.2886751346 0.2886751346 5.551115123e-17 1.922962686e-16
1.319147268e-228 0.2886751346 0.2886751346 5.551115123e-17 1.922962686e-16
6.59573634e-229 0.2886751346 0.2886751346 5.551115123e-17 1.922962686e-16
3.29786817e-229 0.2886751346 0.2886751346 5.551115123e-17 1.922962686e-16
1.648934085e-229 0.2886751346 0.2886751346 5.551115123e-17 1.922962686e-16
8.244670425e-230 0.2886751346 0.2886751346 5.551115123e-17 1.922962686e-16
4.122335213e-230 0.2886751346 0.2886751346 5.551115123e-17 1.922962686e-16
2.061167606e-230 0.2886751346 0.2886751346 5.551115123e-17 1.922962686e-16
1.030583803e-230 0.2886751346 0.2886751346 5.551115123e-17 1.922962686e-16
5.152919016e-231 0.2886751346 0.2886751346 5.551115123e-17 1.922962686e-16
2.576459508e-231 0.2886751346 0.2886751346 5.551115123e-17 1.922962686e-16
1.288229754e-231 0.2886751346 0.2886751346 5.551115123e-17 1.922962686e-16
6.44114877e-232 0.2886751346 0.2886751346 5.551115123e-17 1.922962686e-16
3.220574385e-232 0.2886751346 0.2886751346 5.551115123e-17 1.922962686e-16
1.610287192e-232 0.2886751346 0.2886751346 5.551115123e-17 1.922962686e-16
8.051435962e-233 0.2886751346 0.2886751346 5.551115123e-17 1.922962686e-16
4.025717981e-233 0.2886751346 0.2886751346 5.551115123e-17 1.922962686e-16
2.01285899e-233 0.2886751346 0.2886751346 5.551115123e-17 1.922962686e-16
1.006429495e-233 0.2886751346 0.2886751346 5.551115123e-17 1.922962686e-16
5.032147476e-234 0.2886751346 0.2886751346 5.551115123e-17 1.922962686e-16
2.516073738e-234 0.2886751346 0.2886751346 5.551115123e-17 1.922962686e-16
1.258036869e-234 0.2886751346 0.2886751346 5.551115123e-17 1.922962686e-16
6.290184345e-235 0.2886751346 0.2886751346 5.551115123e-17 1.922962686e-16
3.145092173e-235 0.2886751346 0.2886751346 5.551115123e-17 1.922962686e-16
1.572546086e-235 0.2886751346 0.2886751346 5.551115123e-17 1.922962686e-16
7.862730432e-236 0.2886751346 0.2886751346 5.551115123e-17 1.922962686e-16
3.931365216e-236 0.2886751346 0.2886751346 5.551115123e-17 1.922962686e-16
1.965682608e-236 0.2886751346 0.2886751346 5.551115123e-17 1.922962686e-16
9.82841304e-237 0.2886751346 0.2886751346 5.551115123e-17 1.922962686e-16
4.91420652e-237 0.2886751346 0.2886751346 5.551115123e-17 1.922962686e-16
2.45710326e-237 0.2886751346 0.2886751346 5.551115123e-17 1.922962686e-16
1.22855163e-237 0.2886751346 0.2886751346 5.551115123e-17 1.922962686e-16
6.14275815e-238 0.2886751346 0.2886751346 5.551115123e-17 1.922962686e-16
3.071379075e-238 0.2886751346 0.2886751346 5.551115123e-17 1.922962686e-16
1.535689537e-238 0.2886751346 0.2886751346 5.551115123e-17 1.922962686e-16
7.678447687e-239 0.2886751346 0.2886751346 5.551115123e-17 1.922962686e-16
3.839223844e-239 0.2886751346 0.2886751346 5.551115123e-17 1.922962686e-16
1.919611922e-239 0.2886751346 0.2886751346 5.551115123e-17 1.922962686e-16
9.598059609e-240 0.2886751346 0.2886751346 5.551115123e-17 1.922962686e-16
4.799029804e-240 0.2886751346 0.2886751346 5.551115123e-17 1.922962686e-16
2.399514902e-240 0.2886751346 0.2886751346 5.551115123e-17 1.922962686e-16
1.199757451e-240 0.2886751346 0.2886751346 5.551115123e-17 1.922962686e-16
5.998787256e-241 0.2886751346 0.2886751346 5.551115123e-17 1.922962686e-16
2.999393628e-241 0.2886751346 0.2886751346 5.551115123e-17 1.922962686e-16
1.499696814e-241 0.2886751346 0.2886751346 5.551115123e-17 1.922962686e-16
7.498484069e-242 0.2886751346 0.2886751346 5.551115123e-17 1.922962686e-16
3.749242035e-242 0.2886751346 0.2886751346 5.551115123e-17 1.922962686e-16
1.874621017e-242 0.2886751346 0.2886751346 5.551115123e-17 1.922962686e-16
9.373105087e-243 0.2886751346 0.2886751346 5.551115123e-17 1.922962686e-16
4.686552543e-243 0.2886751346 0.2886751346 5.551115123e-17 1.922962686e-16
2.343276272e-243 0.2886751346 0.2886751346 5.551115123e-17 1.922962686e-16
1.171638136e-243 0.2886751346 0.2886751346 5.551115123e-17 1.922962686e-16
5.858190679e-244 0.2886751346 0.2886751346 5.551115123e-17 1.922962686e-16
2.92909534e-244 0.2886751346 0.2886751346 5.551115123e-17 1.922962686e-16
1.46454767e-244 0.2886751346 0.2886751346 5.551115123e-17 1.922962686e-16
7.322738349e-245 0.2886751346 0.2886751346 5.551115123e-17 1.922962686e-16
3.661369175e-245 0.2886751346 0.2886751346 5.551115123e-17 1.922962686e-16
1.830684587e-245 0.2886751346 0.2886751346 5.551115123e-17 1.922962686e-16
9.153422936e-246 0.2886751346 0.2886751346 5.551115123e-17 1.922962686e-16
4.576711468e-246 0.2886751346 0.2886751346 5.551115123e-17 1.922962686e-16
2.288355734e-246 0.2886751346 0.2886751346 5.551115123e-17 1.922962686e-16
1.144177867e-246 0.2886751346 0.2886751346 5.551115123e-17 1.922962686e-16
5.720889335e-247 0.2886751346 0.2886751346 5.551115123e-17 1.922962686e-16
2.860444668e-247 0.2886751346 0.2886751346 5.551115123e-17 1.922962686e-16
1.430222334e-247 0.2886751346 0.2886751346 5.551115123e-17 1.922962686e-16
7.151111669e-248 0.2886751346 0.2886751346 5.551115123e-17 1.922962686e-16
3.575555835e-248 0.2886751346 0.2886751346 5.551115123e-17 1.922962686e-16
1.787777917e-248 0.2886751346 0.2886751346 5.551115123e-17 1.922962686e-16
8.938889586e-249 0.2886751346 0.2886751346 5.551115123e-17 1.922962686e-16
4.469444793e-249 0.2886751346 0.2886751346 5.551115123e-17 1.922962686e-16
2.234722397e-249 0.2886751346 0.2886751346 5.551115123e-17 1.922962686e-16
1.117361198e-249 0.2886751346 0.2886751346 5.551115123e-17 1.922962686e-16
5.586805991e-250 0.2886751346 0.2886751346 5.551115123e-17 1.922962686e-16
2.793402996e-250 0.2886751346 0.2886751346 5.551115123e-17 1.922962686e-16
1.396701498e-250 0.2886751346 0.2886751346 5.551115123e-17 1.922962686e-16
6.983507489e-251 0.2886751346 0.2886751346 5.551115123e-17 1.922962686e-16
3.491753745e-251 0.2886751346 0.2886751346 5.551115123e-17 1.922962686e-16
1.745876872e-251 0.2886751346 0.2886751346 5.551115123e-17 1.922962686e-16
8.729384362e-252 0.2886751346 0.2886751346 5.551115123e-17 1.922962686e-16
4.364692181e-252 0.2886751346 0.2886751346 5.551115123e-17 1.922962686e-16
2.18234609e-252 0.2886751346 0.2886751346 5.551115123e-17 1.922962686e-16
1.091173045e-252 0.2886751346 0.2886751346 5.551115123e-17 1.922962686e-16
5.455865226e-253 0.2886751346 0.2886751346 5.551115123e-17 1.922962686e-16
2.727932613e-253 0.2886751346 0.2886751346 5.551115123e-17 1.922962686e-16
1.363966307e-253 0.2886751346 0.2886751346 5.551115123e-17 1.922962686e-16
6.819831533e-254 0.2886751346 0.2886751346 5.551115123e-17 1.922962686e-16
3.409915766e-254 0.2886751346 0.2886751346 5.551115123e-17 1.922962686e-16
1.704957883e-254 0.2886751346 0.2886751346 5.551115123e-17 1.922962686e-16
8.524789416e-255 0.2886751346 0.2886751346 5.551115123e-17 1.922962686e-16
4.262394708e-255 0.2886751346 0.2886751346 5.551115123e-17 1.922962686e-16
2.131197354e-255 0.2886751346 0.2886751346 5.551115123e-17 1.922962686e-16
1.065598677e-255 0.2886751346 0.2886751346 5.551115123e-17 1.922962686e-16
5.327993385e-256 0.2886751346 0.2886751346 5.551115123e-17 1.922962686e-16
2.663996692e-256 0.2886751346 0.2886751346 5.551115123e-17 1.922962686e-16
1.331998346e-256 0.2886751346 0.2886751346 5.551115123e-17 1.922962686e-16
6.659991731e-257 0.2886751346 0.2886751346 5.551115123e-17 1.922962686e-16
3.329995865e-257 0.2886751346 0.2886751346 5.551115123e-17 1.922962686e-16
1.664997933e-257 0.2886751346 0.2886751346 5.551115123e-17 1.922962686e-16
8.324989664e-258 0.2886751346 0.2886751346 5.551115123e-17 1.922962686e-16
4.162494832e-258 0.2886751346 0.2886751346 5.551115123e-17 1.922962686e-16
2.081247416e-258 0.2886751346 0.2886751346 5.551115123e-17 1.922962686e-16
1.040623708e-258 0.2886751346 0.2886751346 5.551115123e-17 1.922962686e-16
5.20311854e-259 0.2886751346 0.2886751346 5.551115123e-17 1.922962686e-16
2.60155927e-259 0.2886751346 0.2886751346 5.551115123e-17 1.922962686e-16
1.300779635e-259 0.2886751346 0.2886751346 5.551115123e-17 1.922962686e-16
6.503898175e-260 0.2886751346 0.2886751346 5.551115123e-17 1.922962686e-16
3.251949087e-260 0.2886751346 0.2886751346 5.551115123e-17 1.922962686e-16
1.625974544e-260 0.2886751346 0.2886751346 5.551115123e-17 1.922962686e-16
8.129872718e-261 0.2886751346 0.2886751346 5.551115123e-17 1.922962686e-16
4.064936359e-261 0.2886751346 0.2886751346 5.551115123e-17 1.922962686e-16
2.03246818e-261 0.2886751346 0.2886751346 5.551115123e-17 1.922962686e-16
1.01623409e-261 0.2886751346 0.2886751346 5.551115123e-17 1.922962686e-16
5.081170449e-262 0.2886751346 0.2886751346 5.551115123e-17 1.922962686e-16
2.540585225e-262 0.2886751346 0.2886751346 5.551115123e-17 1.922962686e-16
1.270292612e-262 0.2886751346 0.2886751346 5.551115123e-17 1.922962686e-16
6.351463061e-263 0.2886751346 0.2886751346 5.551115123e-17 1.922962686e-16
3.175731531e-263 0.2886751346 0.2886751346 5.551115123e-17 1.922962686e-16
1.587865765e-263 0.2886751346 0.2886751346 5.551115123e-17 1.922962686e-16
7.939328827e-264 0.2886751346 0.2886751346 5.551115123e-17 1.922962686e-16
3.969664413e-264 0.2886751346 0.2886751346 5.551115123e-17 1.922962686e-16
1.984832207e-264 0.2886751346 0.2886751346 5.551115123e-17 1.922962686e-16
9.924161033e-265 0.2886751346 0.2886751346 5.551115123e-17 1.922962686e-16
4.962080517e-265 0.2886751346 0.2886751346 5.551115123e-17 1.922962686e-16
2.481040258e-265 0.2886751346 0.2886751346 5.551115123e-17 1.922962686e-16
1.240520129e-265 0.2886751346 0.2886751346 5.551115123e-17 1.922962686e-16
6.202600646e-266 0.2886751346 0.2886751346 5.551115123e-17 1.922962686e-16
3.101300323e-266 0.2886751346 0.2886751346 5.551115123e-17 1.922962686e-16
1.550650161e-266 0.2886751346 0.2886751346 5.551115123e-17 1.922962686e-16
7.753250807e-267 0.2886751346 0.2886751346 5.551115123e-17 1.922962686e-16
3.876625404e-267 0.2886751346 0.2886751346 5.551115123e-17 1.922962686e-16
1.938312702e-267 0.2886751346 0.2886751346 5.551115123e-17 1.922962686e-16
9.691563509e-268 0.2886751346 0.2886751346 5.551115123e-17 1.922962686e-16
4.845781755e-268 0.2886751346 0.2886751346 5.551115123e-17 1.922962686e-16
2.422890877e-268 0.2886751346 0.2886751346 5.551115123e-17 1.922962686e-16
1.211445439e-268 0.2886751346 0.2886751346 5.551115123e-17 1.922962686e-16
6.057227193e-269 0.2886751346 0.2886751346 5.551115123e-17 1.922962686e-16
3.028613597e-269 0.2886751346 0.2886751346 5.551115123e-17 1.922962686e-16
1.514306798e-269 0.2886751346 0.2886751346 5.551115123e-17 1.922962686e-16
7.571533991e-270 0.2886751346 0.2886751346 5.551115123e-17 1.922962686e-16
3.785766996e-270 0.2886751346 0.2886751346 5.551115123e-17 1.922962686e-16
1.892883498e-270 0.2886751346 0.2886751346 5.551115123e-17 1.922962686e-16
9.464417489e-271 0.2886751346 0.2886751346 5.551115123e-17 1.922962686e-16
4.732208745e-271 0.2886751346 0.2886751346 5.551115123e-17 1.922962686e-16
2.366104372e-271 0.2886751346 0.2886751346 5.551115123e-17 1.922962686e-16
1.183052186e-271 0.2886751346 0.2886751346 5.551115123e-17 1.922962686e-16
5.915260931e-272 0.2886751346 0.2886751346 5.551115123e-17 1.922962686e-16
2.957630465e-272 0.2886751346 0.2886751346 5.551115123e-17 1.922962686e-16
1.478815233e-272 0.2886751346 0.2886751346 5.551115123e-17 1.922962686e-16
7.394076164e-273 0.2886751346 0.2886751346 5.551115123e-17 1.922962686e-16
3.697038082e-273 0.2886751346 0.2886751346 5.551115123e-17 1.922962686e-16
1.848519041e-273 0.2886751346 0.2886751346 5.551115123e-17 1.922962686e-16
9.242595204e-274 0.2886751346 0.2886751346 5.551115123e-17 1.922962686e-16
4.621297602e-274 0.2886751346 0.2886751346 5.551115123e-17 1.922962686e-16
2.310648801e-274 0.2886751346 0.2886751346 5.551115123e-17 1.922962686e-16
1.155324401e-274 0.2886751346 0.2886751346 5.551115123e-17 1.922962686e-16
5.776622003e-275 0.2886751346 0.2886751346 5.551115123e-17 1.922962686e-16
2.888311001e-275 0.2886751346 0.2886751346 5.551115123e-17 1.922962686e-16
1.444155501e-275 0.2886751346 0.2886751346 5.551115123e-17 1.922962686e-16
7.220777503e-276 0.2886751346 0.2886751346 5.551115123e-17 1.922962686e-16
3.610388752e-276 0.2886751346 0.2886751346 5.551115123e-17 1.922962686e-16
1.805194376e-276 0.2886751346 0.2886751346 5.551115123e-17 1.922962686e-16
9.025971879e-277 0.2886751346 0.2886751346 5.551115123e-17 1.922962686e-16
4.51298594e-277 0.2886751346 0.2886751346 5.551115123e-17 1.922962686e-16
2.25649297e-277 0.2886751346 0.2886751346 5.551115123e-17 1.922962686e-16
1.128246485e-277 0.2886751346 0.2886751346 5.551115123e-17 1.922962686e-16
5.641232425e-278 0.2886751346 0.2886751346 5.551115123e-17 1.922962686e-16
2.820616212e-278 0.2886751346 0.2886751346 5.551115123e-17 1.922962686e-16
1.410308106e-278 0.2886751346 0.2886751346 5.551115123e-17 1.922962686e-16
7.051540531e-279 0.2886751346 0.2886751346 5.551115123e-17 1.922962686e-16
3.525770265e-279 0.2886751346 0.2886751346 5.551115123e-17 1.922962686e-16
1.762885133e-279 0.2886751346 0.2886751346 5.551115123e-17 1.922962686e-16
8.814425663e-280 0.2886751346 0.2886751346 5.551115123e-17 1.922962686e-16
4.407212832e-280 0.2886751346 0.2886751346 5.551115123e-17 1.922962686e-16
2.203606416e-280 0.2886751346 0.2886751346 5.551115123e-17 1.922962686e-16
1.101803208e-280 0.2886751346 0.2886751346 5.551115123e-17 1.922962686e-16
5.50901604e-281 0.2886751346 0.2886751346 5.551115123e-17 1.922962686e-16
2.75450802e-281 0.2886751346 0.2886751346 5.551115123e-17 1.922962686e-16
1.37725401e-281 0.2886751346 0.2886751346 5.551115123e-17 1.922962686e-16
6.88627005e-282 0.2886751346 0.2886751346 5.551115123e-17 1.922962686e-16
3.443135025e-282 0.2886751346 0.2886751346 5.551115123e-17 1.922962686e-16
1.721567512e-282 0.2886751346 0.2886751346 5.551115123e-17 1.922962686e-16
8.607837562e-283 0.2886751346 0.2886751346 5.551115123e-17 1.922962686e-16
4.303918781e-283 0.2886751346 0.2886751346 5.551115123e-17 1.922962686e-16
2.15195939e-283 0.2886751346 0.2886751346 5.551115123e-17 1.922962686e-16
1.075979695e-283 0.2886751346 0.2886751346 5.551115123e-17 1.922962686e-16
5.379898476e-284 0.2886751346 0.2886751346 5.551115123e-17 1.922962686e-16
2.689949238e-284 0.2886751346 0.2886751346 5.551115123e-17 1.922962686e-16
1.344974619e-284 0.2886751346 0.2886751346 5.551115123e-17 1.922962686e-16
6.724873095e-285 0.2886751346 0.2886751346 5.551115123e-17 1.922962686e-16
3.362436548e-285 0.2886751346 0.2886751346 5.551115123e-17 1.922962686e-16
1.681218274e-285 0.2886751346 0.2886751346 5.551115123e-17 1.922962686e-16
8.406091369e-286 0.2886751346 0.2886751346 5.551115123e-17 1.922962686e-16
4.203045685e-286 0.2886751346 0.2886751346 5.551115123e-17 1.922962686e-16
2.101522842e-286 0.2886751346 0.2886751346 5.551115123e-17 1.922962686e-16
1.050761421e-286 0.2886751346 0.2886751346 5.551115123e-17 1.922962686e-16
5.253807106e-287 0.2886751346 0.2886751346 5.551115123e-17 1.922962686e-16
2.626903553e-287 0.2886751346 0.2886751346 5.551115123e-17 1.922962686e-16
1.313451776e-287 0.2886751346 0.2886751346 5.551115123e-17 1.922962686e-16
6.567258882e-288 0.2886751346 0.2886751346 5.551115123e-17 1.922962686e-16
3.283629441e-288 0.2886751346 0.2886751346 5.551115123e-17 1.922962686e-16
1.641814721e-288 0.2886751346 0.2886751346 5.551115123e-17 1.922962686e-16
8.209073603e-289 0.2886751346 0.2886751346 5.551115123e-17 1.922962686e-16
4.104536801e-289 0.2886751346 0.2886751346 5.551115123e-17 1.922962686e-16
2.052268401e-289 0.2886751346 0.2886751346 5.551115123e-17 1.922962686e-16
1.0261342e-289 0.2886751346 0.2886751346 5.551115123e-17 1.922962686e-16
5.130671002e-290 0.2886751346 0.2886751346 5.551115123e-17 1.922962686e-16
2.565335501e-290 0.2886751346 0.2886751346 5.551115123e-17 1.922962686e-16
1.28266775e-290 0.2886751346 0.2886751346 5.551115123e-17 1.922962686e-16
6.413338752e-291 0.2886751346 0.2886751346 5.551115123e-17 1.922962686e-16
3.206669376e-291 0.2886751346 0.2886751346 5.551115123e-17 1.922962686e-16
1.603334688e-291 0.2886751346 0.2886751346 5.551115123e-17 1.922962686e-16
8.01667344e-292 0.2886751346 0.2886751346 5.551115123e-17 1.922962686e-16
4.00833672e-292 0.2886751346 0.2886751346 5.551115123e-17 1.922962686e-16
2.00416836e-292 0.2886751346 0.2886751346 5.551115123e-17 1.922962686e-16
1.00208418e-292 0.2886751346 0.2886751346 5.551115123e-17 1.922962686e-16
5.0104209e-293 0.2886751346 0.2886751346 5.551115123e-17 1.922962686e-16
2.50521045e-293 0.2886751346 0.2886751346 5.551115123e-17 1.922962686e-16
1.252605225e-293 0.2886751346 0.2886751346 5.551115123e-17 1.922962686e-16
6.263026125e-294 0.2886751346 0.2886751346 5.551115123e-17 1.922962686e-16
3.131513063e-294 0.2886751346 0.2886751346 5.551115123e-17 1.922962686e-16
1.565756531e-294 0.2886751346 0.2886751346 5.551115123e-17 1.922962686e-16
7.828782656e-295 0.2886751346 0.2886751346 5.551115123e-17 1.922962686e-16
3.914391328e-295 0.2886751346 0.2886751346 5.551115123e-17 1.922962686e-16
1.957195664e-295 0.2886751346 0.2886751346 5.551115123e-17 1.922962686e-16
9.78597832e-296 0.2886751346 0.2886751346 5.551115123e-17 1.922962686e-16
4.89298916e-296 0.2886751346 0.2886751346 5.551115123e-17 1.922962686e-16
2.44649458e-296 0.2886751346 0.2886751346 5.551115123e-17 1.922962686e-16
1.22324729e-296 0.2886751346 0.2886751346 5.551115123e-17 1.922962686e-16
6.11623645e-297 0.2886751346 0.2886751346 5.551115123e-17 1.922962686e-16
3.058118225e-297 0.2886751346 0.2886751346 5.551115123e-17 1.922962686e-16
1.529059113e-297 0.2886751346 0.2886751346 5.551115123e-17 1.922962686e-16
7.645295563e-298 0.2886751346 0.2886751346 5.551115123e-17 1.922962686e-16
3.822647781e-298 0.2886751346 0.2886751346 5.551115123e-17 1.922962686e-16
1.911323891e-298 0.2886751346 0.2886751346 5.551115123e-17 1.922962686e-16
9.556619453e-299 0.2886751346 0.2886751346 5.551115123e-17 1.922962686e-16
4.778309727e-299 0.2886751346 0.2886751346 5.551115123e-17 1.922962686e-16
2.389154863e-299 0.2886751346 0.2886751346 5.551115123e-17 1.922962686e-16
1.194577432e-299 0.2886751346 0.2886751346 5.551115123e-17 1.922962686e-16
5.972887158e-300 0.2886751346 0.2886751346 5.551115123e-17 1.922962686e-16
2.986443579e-300 0.2886751346 0.2886751346 5.551115123e-17 1.922962686e-16
1.49322179e-300 0.2886751346 0.2886751346 5.551115123e-17 1.922962686e-16
7.466108948e-301 0.2886751346 0.2886751346 5.551115123e-17 1.922962686e-16
3.733054474e-301 0.2886751346 0.2886751346 5.551115123e-17 1.922962686e-16
1.866527237e-301 0.2886751346 0.2886751346 5.551115123e-17 1.922962686e-16
9.332636185e-302 0.2886751346 0.2886751346 5.551115123e-17 1.922962686e-16
4.666318093e-302 0.2886751346 0.2886751346 5.551115123e-17 1.922962686e-16
2.333159046e-302 0.2886751346 0.2886751346 5.551115123e-17 1.922962686e-16
1.166579523e-302 0.2886751346 0.2886751346 5.551115123e-17 1.922962686e-16
5.832897616e-303 0.2886751346 0.2886751346 5.551115123e-17 1.922962686e-16
2.916448808e-303 0.2886751346 0.2886751346 5.551115123e-17 1.922962686e-16
1.458224404e-303 0.2886751346 0.2886751346 5.551115123e-17 1.922962686e-16
7.29112202e-304 0.2886751346 0.2886751346 5.551115123e-17 1.922962686e-16
3.64556101e-304 0.2886751346 0.2886751346 5.551115123e-17 1.922962686e-16
1.822780505e-304 0.2886751346 0.2886751346 5.551115123e-17 1.922962686e-16
9.113902524e-305 0.2886751346 0.2886751346 5.551115123e-17 1.922962686e-16
4.556951262e-305 0.2886751346 0.2886751346 5.551115123e-17 1.922962686e-16
2.278475631e-305 0.2886751346 0.2886751346 5.551115123e-17 1.922962686e-16
1.139237816e-305 0.2886751346 0.2886751346 5.551115123e-17 1.922962686e-16
5.696189078e-306 0.2886751346 0.2886751346 5.551115123e-17 1.922962686e-16
2.848094539e-306 0.2886751346 0.2886751346 5.551115123e-17 1.922962686e-16
1.424047269e-306 0.2886751346 0.2886751346 5.551115123e-17 1.922962686e-16
7.120236347e-307 0.2886751346 0.2886751346 5.551115123e-17 1.922962686e-16
3.560118174e-307 0.2886751346 0.2886751346 5.551115123e-17 1.922962686e-16
1.780059087e-307 0.2886751346 0.2886751346 5.551115123e-17 1.922962686e-16
8.900295434e-308 0.2886751346 0.2886751346 5.551115123e-17 1.922962686e-16
4.450147717e-308 0.2886751346 0.2886751346 5.551115123e-17 1.922962686e-16
2.225073859e-308 0.2886751346 0.2886751346 5.551115123e-17 1.922962686e-16
1.112536929e-308 0.2886751346 0.2886751346 5.551115123e-17 1.922962686e-16
5.562684646e-309 0.2886751346 0.2886751346 5.551115123e-17 1.922962686e-16
2.781342323e-309 0.2886751346 0.2886751346 5.551115123e-17 1.922962686e-16
1.390671162e-309 0.2886751346 0.2886751346 5.551115123e-17 1.922962686e-16
6.953355808e-310 0.2886751346 0.2886751346 5.551115123e-17 1.922962686e-16
3.476677904e-310 0.2886751346 0.2886751346 5.551115123e-17 1.922962686e-16
1.738338952e-310 0.2886751346 0.2886751346 5.551115123e-17 1.922962686e-16
8.69169476e-311 0.2886751346 0.2886751346 5.551115123e-17 1.922962686e-16
4.34584738e-311 0.2886751346 0.2886751346 5.551115123e-17 1.922962686e-16
2.17292369e-311 0.2886751346 0.2886751346 5.551115123e-17 1.922962686e-16
1.086461845e-311 0.2886751346 0.2886751346 5.551115123e-17 1.922962686e-16
5.432309225e-312 0.2886751346 0.2886751346 5.551115123e-17 1.922962686e-16
2.716154612e-312 0.2886751346 0.2886751346 5.551115123e-17 1.922962686e-16
1.358077306e-312 0.2886751346 0.2886751346 5.551115123e-17 1.922962686e-16
6.790386531e-313 0.2886751346 0.2886751346 5.551115123e-17 1.922962686e-16
3.395193266e-313 0.2886751346 0.2886751346 5.551115123e-17 1.922962686e-16
1.697596633e-313 0.2886751346 0.2886751346 5.551115123e-17 1.922962686e-16
8.487983164e-314 0.2886751346 0.2886751346 5.551115123e-17 1.922962686e-16
4.243991582e-314 0.2886751346 0.2886751346 5.551115123e-17 1.922962686e-16
2.121995791e-314 0.2886751346 0.2886751346 5.551115123e-17 1.922962686e-16
1.060997895e-314 0.2886751346 0.2886751346 5.551115123e-17 1.922962686e-16
5.304989477e-315 0.2886751346 0.2886751346 5.551115123e-17 1.922962686e-16
2.652494739e-315 0.2886751346 0.2886751346 5.551115123e-17 1.922962686e-16
1.326247369e-315 0.2886751346 0.2886751346 5.551115123e-17 1.922962686e-16
6.631236847e-316 0.2886751346 0.2886751346 5.551115123e-17 1.922962686e-16
3.315618423e-316 0.2886751346 0.2886751346 5.551115123e-17 1.922962686e-16
1.657809212e-316 0.2886751346 0.2886751346 5.551115123e-17 1.922962686e-16
8.289046058e-317 0.2886751346 0.2886751346 5.551115123e-17 1.922962686e-16
4.144523029e-317 0.2886751346 0.2886751346 5.551115123e-17 1.922962686e-16
2.072261515e-317 0.2886751346 0.2886751346 5.551115123e-17 1.922962686e-16
1.036130757e-317 0.2886751346 0.2886751346 5.551115123e-17 1.922962686e-16
5.180653787e-318 0.2886751346 0.2886751346 5.551115123e-17 1.922962686e-16
2.590326893e-318 0.2886751346 0.2886751346 5.551115123e-17 1.922962686e-16
1.295163447e-318 0.2886751346 0.2886751346 5.551115123e-17 1.922962686e-16
6.475817233e-319 0.2886751346 0.2886751346 5.551115123e-17 1.922962686e-16
3.237908617e-319 0.2886751346 0.2886751346 5.551115123e-17 1.922962686e-16
1.618954308e-319 0.2886751346 0.2886751346 5.551115123e-17 1.922962686e-16
8.094771541e-320 0.2886751346 0.2886751346 5.551115123e-17 1.922962686e-16
4.047385771e-320 0.2886751346 0.2886751346 5.551115123e-17 1.922962686e-16
2.023692885e-320 0.2886751346 0.2886751346 5.551115123e-17 1.922962686e-16
1.011846443e-320 0.2886751346 0.2886751346 5.551115123e-17 1.922962686e-16
5.059232213e-321 0.2886751346 0.2886751346 5.551115123e-17 1.922962686e-16
2.529616107e-321 0.2886751346 0.2886751346 5.551115123e-17 1.922962686e-16
1.264808053e-321 0.2886751346 0.2886751346 5.551115123e-17 1.922962686e-16
6.324040267e-322 0.2886751346 0.2886751346 5.551115123e-17 1.922962686e-16
3.162020133e-322 0.2886751346 0.2886751346 5.551115123e-17 1.922962686e-16
1.581010067e-322 0.2886751346 0.2886751346 5.551115123e-17 1.922962686e-16
7.905050333e-323 0.2886751346 0.2886751346 5.551115123e-17 1.922962686e-16
3.952525167e-323 0.2886751346 0.2886751346 5.551115123e-17 1.922962686e-16
1.976262583e-323 0.2886751346 0.2886751346 5.551115123e-17 1.922962686e-16
9.881312917e-324 0.2886751346 0.2886751346 5.551115123e-17 1.922962686e-16
4.940656458e-324 0.2886751346 0.2886751346 5.551115123e-17 1.922962686e-16
0 0.2886751346 0.2886751346 5.551115123e-17 1.922962686e-16
