1 1 0.8414710097 0.1585289903 0.1585289903
0.5 1 0.9588510772 0.04114892277 0.04114892277
0.25 1 0.989615837 0.01038416298 0.01038416298
0.125 1 0.9973978671 0.002602132918 0.002602132918
0.0625 1 0.9993490855 0.0006509145219 0.0006509145219
0.03125 1 0.9998372475 0.0001627524696 0.0001627524696
0.015625 1 0.9999593104 4.068960746e-05 4.068960746e-05
0.0078125 1 0.9999898275 1.0172495e-05 1.0172495e-05
0.00390625 1 0.9999974569 2.54312957e-06 2.54312957e-06
0.001953125 1 0.9999993642 6.357827563e-07 6.357827563e-07
0.0009765625 1 0.9999998411 1.589457118e-07 1.589457118e-07
0.00048828125 1 0.9999999603 3.973642937e-08 3.973642937e-08
0.000244140625 1 0.9999999901 9.934107426e-09 9.934107426e-09
0.0001220703125 1 0.9999999975 2.483526829e-09 2.483526829e-09
6.103515625e-05 1 0.9999999994 6.208816794e-10 6.208816794e-10
3.051757812e-05 1 0.9999999998 1.552203921e-10 1.552203921e-10
1.525878906e-05 1 1 3.880507027e-11 3.880507027e-11
7.629394531e-06 1 1 9.701239811e-12 9.701239811e-12
3.814697266e-06 1 1 2.425282197e-12 2.425282197e-12
1.907348633e-06 1 1 6.062927937e-13 6.062927937e-13
9.536743164e-07 1 1 1.515454429e-13 1.515454429e-13
4.768371582e-07 1 1 3.785860514e-14 3.785860514e-14
2.384185791e-07 1 1 9.436895709e-15 9.436895709e-15
1.192092896e-07 1 1 2.331468352e-15 2.331468352e-15
5.960464478e-08 1 1 5.551115123e-16 5.551115123e-16
2.980232239e-08 1 1 1.110223025e-16 1.110223025e-16
1.490116119e-08 1 1 0 0
7.450580597e-09 1 1 0 0
3.725290298e-09 1 1 0 0
1.862645149e-09 1 1 0 0
9.313225746e-10 1 1 0 0
4.656612873e-10 1 1 0 0
2.328306437e-10 1 1 0 0
1.164153218e-10 1 1 0 0
5.820766091e-11 1 1 0 0
2.910383046e-11 1 1 0 0
1.455191523e-11 1 1 0 0
7.275957614e-12 1 1 0 0
3.637978807e-12 1 1 0 0
1.818989404e-12 1 1 0 0
9.094947018e-13 1 1 0 0
4.547473509e-13 1 1 0 0
2.273736754e-13 1 1 0 0
1.136868377e-13 1 1 0 0
5.684341886e-14 1 1 0 0
2.842170943e-14 1 1 0 0
1.421085472e-14 1 1 0 0
7.105427358e-15 1 1 0 0
3.552713679e-15 1 1 0 0
1.776356839e-15 1 1 0 0
8.881784197e-16 1 1 0 0
4.440892099e-16 1 1 0 0
2.220446049e-16 1 1 0 0
1.110223025e-16 1 1 0 0
5.551115123e-17 1 1 0 0
2.775557562e-17 1 1 0 0
1.387778781e-17 1 1 0 0
6.938893904e-18 1 1 0 0
3.469446952e-18 1 1 0 0
1.734723476e-18 1 1 0 0
8.67361738e-19 1 1 0 0
4.33680869e-19 1 1 0 0
2.168404345e-19 1 1 0 0
1.084202172e-19 1 1 0 0
5.421010862e-20 1 1 0 0
2.710505431e-20 1 1 0 0
1.355252716e-20 1 1 0 0
6.776263578e-21 1 1 0 0
3.388131789e-21 1 1 0 0
1.694065895e-21 1 1 0 0
8.470329473e-22 1 1 0 0
4.235164736e-22 1 1 0 0
2.117582368e-22 1 1 0 0
1.058791184e-22 1 1 0 0
5.29395592e-23 1 1 0 0
2.64697796e-23 1 1 0 0
1.32348898e-23 1 1 0 0
6.6174449e-24 1 1 0 0
3.30872245e-24 1 1 0 0
1.654361225e-24 1 1 0 0
8.271806126e-25 1 1 0 0
4.135903063e-25 1 1 0 0
2.067951531e-25 1 1 0 0
1.033975766e-25 1 1 0 0
5.169878828e-26 1 1 0 0
2.584939414e-26 1 1 0 0
1.292469707e-26 1 1 0 0
6.462348536e-27 1 1 0 0
3.231174268e-27 1 1 0 0
1.615587134e-27 1 1 0 0
8.077935669e-28 1 1 0 0
4.038967835e-28 1 1 0 0
2.019483917e-28 1 1 0 0
1.009741959e-28 1 1 0 0
5.048709793e-29 1 1 0 0
2.524354897e-29 1 1 0 0
1.262177448e-29 1 1 0 0
6.310887242e-30 1 1 0 0
3.155443621e-30 1 1 0 0
1.57772181e-30 1 1 0 0
7.888609052e-31 1 1 0 0
3.944304526e-31 1 1 0 0
1.972152263e-31 1 1 0 0
9.860761315e-32 1 1 0 0
4.930380658e-32 1 1 0 0
2.465190329e-32 1 1 0 0
1.232595164e-32 1 1 0 0
6.162975822e-33 1 1 0 0
3.081487911e-33 1 1 0 0
1.540743956e-33 1 1 0 0
7.703719778e-34 1 1 0 0
3.851859889e-34 1 1 0 0
1.925929944e-34 1 1 0 0
9.629649722e-35 1 1 0 0
4.814824861e-35 1 1 0 0
2.40741243e-35 1 1 0 0
1.203706215e-35 1 1 0 0
6.018531076e-36 1 1 0 0
3.009265538e-36 1 1 0 0
1.504632769e-36 1 1 0 0
7.523163845e-37 1 1 0 0
3.761581923e-37 1 1 0 0
1.880790961e-37 1 1 0 0
9.403954807e-38 1 1 0 0
4.701977403e-38 1 1 0 0
2.350988702e-38 1 1 0 0
1.175494351e-38 1 1 0 0
5.877471754e-39 1 1 0 0
2.938735877e-39 1 1 0 0
1.469367939e-39 1 1 0 0
7.346839693e-40 1 1 0 0
3.673419846e-40 1 1 0 0
1.836709923e-40 1 1 0 0
9.183549616e-41 1 1 0 0
4.591774808e-41 1 1 0 0
2.295887404e-41 1 1 0 0
1.147943702e-41 1 1 0 0
5.73971851e-42 1 1 0 0
2.869859255e-42 1 1 0 0
1.434929627e-42 1 1 0 0
7.174648137e-43 1 1 0 0
3.587324069e-43 1 1 0 0
1.793662034e-43 1 1 0 0
8.968310172e-44 1 1 0 0
4.484155086e-44 1 1 0 0
2.242077543e-44 1 1 0 0
1.121038771e-44 1 1 0 0
5.605193857e-45 1 1 0 0
2.802596929e-45 1 1 0 0
1.401298464e-45 1 1 0 0
7.006492322e-46 1 1 0 0
3.503246161e-46 1 1 0 0
1.75162308e-46 1 1 0 0
8.758115402e-47 1 1 0 0
4.379057701e-47 1 1 0 0
2.189528851e-47 1 1 0 0
1.094764425e-47 1 1 0 0
5.473822126e-48 1 1 0 0
2.736911063e-48 1 1 0 0
1.368455532e-48 1 1 0 0
6.842277658e-49 1 1 0 0
3.421138829e-49 1 1 0 0
1.710569414e-49 1 1 0 0
8.552847072e-50 1 1 0 0
4.276423536e-50 1 1 0 0
2.138211768e-50 1 1 0 0
1.069105884e-50 1 1 0 0
5.34552942e-51 1 1 0 0
2.67276471e-51 1 1 0 0
1.336382355e-51 1 1 0 0
6.681911775e-52 1 1 0 0
3.340955888e-52 1 1 0 0
1.670477944e-52 1 1 0 0
8.352389719e-53 1 1 0 0
4.17619486e-53 1 1 0 0
2.08809743e-53 1 1 0 0
1.044048715e-53 1 1 0 0
5.220243574e-54 1 1 0 0
2.610121787e-54 1 1 0 0
1.305060894e-54 1 1 0 0
6.525304468e-55 1 1 0 0
3.262652234e-55 1 1 0 0
1.631326117e-55 1 1 0 0
8.156630585e-56 1 1 0 0
4.078315292e-56 1 1 0 0
2.039157646e-56 1 1 0 0
1.019578823e-56 1 1 0 0
5.097894116e-57 1 1 0 0
2.548947058e-57 1 1 0 0
1.274473529e-57 1 1 0 0
6.372367645e-58 1 1 0 0
3.186183822e-58 1 1 0 0
1.593091911e-58 1 1 0 0
7.965459556e-59 1 1 0 0
3.982729778e-59 1 1 0 0
1.991364889e-59 1 1 0 0
9.956824445e-60 1 1 0 0
4.978412222e-60 1 1 0 0
2.489206111e-60 1 1 0 0
1.244603056e-60 1 1 0 0
6.223015278e-61 1 1 0 0
3.111507639e-61 1 1 0 0
1.555753819e-61 1 1 0 0
7.778769097e-62 1 1 0 0
3.889384549e-62 1 1 0 0
1.944692274e-62 1 1 0 0
9.723461372e-63 1 1 0 0
4.861730686e-63 1 1 0 0
2.430865343e-63 1 1 0 0
1.215432671e-63 1 1 0 0
6.077163357e-64 1 1 0 0
3.038581679e-64 1 1 0 0
1.519290839e-64 1 1 0 0
7.596454197e-65 1 1 0 0
3.798227098e-65 1 1 0 0
1.899113549e-65 1 1 0 0
9.495567746e-66 1 1 0 0
4.747783873e-66 1 1 0 0
2.373891936e-66 1 1 0 0
1.186945968e-66 1 1 0 0
5.934729841e-67 1 1 0 0
2.967364921e-67 1 1 0 0
1.48368246e-67 1 1 0 0
7.418412301e-68 1 1 0 0
3.709206151e-68 1 1 0 0
1.854603075e-68 1 1 0 0
9.273015377e-69 1 1 0 0
4.636507688e-69 1 1 0 0
2.318253844e-69 1 1 0 0
1.159126922e-69 1 1 0 0
5.79563461e-70 1 1 0 0
2.897817305e-70 1 1 0 0
1.448908653e-70 1 1 0 0
7.244543263e-71 1 1 0 0
3.622271632e-71 1 1 0 0
1.811135816e-71 1 1 0 0
9.055679079e-72 1 1 0 0
4.527839539e-72 1 1 0 0
2.26391977e-72 1 1 0 0
1.131959885e-72 1 1 0 0
5.659799424e-73 1 1 0 0
2.829899712e-73 1 1 0 0
1.414949856e-73 1 1 0 0
7.07474928e-74 1 1 0 0
3.53737464e-74 1 1 0 0
1.76868732e-74 1 1 0 0
8.8434366e-75 1 1 0 0
4.4217183e-75 1 1 0 0
2.21085915e-75 1 1 0 0
1.105429575e-75 1 1 0 0
5.527147875e-76 1 1 0 0
2.763573938e-76 1 1 0 0
1.381786969e-76 1 1 0 0
6.908934844e-77 1 1 0 0
3.454467422e-77 1 1 0 0
1.727233711e-77 1 1 0 0
8.636168555e-78 1 1 0 0
4.318084278e-78 1 1 0 0
2.159042139e-78 1 1 0 0
1.079521069e-78 1 1 0 0
5.397605347e-79 1 1 0 0
2.698802673e-79 1 1 0 0
1.349401337e-79 1 1 0 0
6.747006684e-80 1 1 0 0
3.373503342e-80 1 1 0 0
1.686751671e-80 1 1 0 0
8.433758355e-81 1 1 0 0
4.216879177e-81 1 1 0 0
2.108439589e-81 1 1 0 0
1.054219794e-81 1 1 0 0
5.271098972e-82 1 1 0 0
2.635549486e-82 1 1 0 0
1.317774743e-82 1 1 0 0
6.588873715e-83 1 1 0 0
3.294436857e-83 1 1 0 0
1.647218429e-83 1 1 0 0
8.236092143e-84 1 1 0 0
4.118046072e-84 1 1 0 0
2.059023036e-84 1 1 0 0
1.029511518e-84 1 1 0 0
5.147557589e-85 1 1 0 0
2.573778795e-85 1 1 0 0
1.286889397e-85 1 1 0 0
6.434446987e-86 1 1 0 0
3.217223493e-86 1 1 0 0
1.608611747e-86 1 1 0 0
8.043058734e-87 1 1 0 0
4.021529367e-87 1 1 0 0
2.010764683e-87 1 1 0 0
1.005382342e-87 1 1 0 0
5.026911708e-88 1 1 0 0
2.513455854e-88 1 1 0 0
1.256727927e-88 1 1 0 0
6.283639636e-89 1 1 0 0
3.141819818e-89 1 1 0 0
1.570909909e-89 1 1 0 0
7.854549544e-90 1 1 0 0
3.927274772e-90 1 1 0 0
1.963637386e-90 1 1 0 0
9.818186931e-91 1 1 0 0
4.909093465e-91 1 1 0 0
2.454546733e-91 1 1 0 0
1.227273366e-91 1 1 0 0
6.136366832e-92 1 1 0 0
3.068183416e-92 1 1 0 0
1.534091708e-92 1 1 0 0
7.67045854e-93 1 1 0 0
3.83522927e-93 1 1 0 0
1.917614635e-93 1 1 0 0
9.588073174e-94 1 1 0 0
4.794036587e-94 1 1 0 0
2.397018294e-94 1 1 0 0
1.198509147e-94 1 1 0 0
5.992545734e-95 1 1 0 0
2.996272867e-95 1 1 0 0
1.498136434e-95 1 1 0 0
7.490682168e-96 1 1 0 0
3.745341084e-96 1 1 0 0
1.872670542e-96 1 1 0 0
9.363352709e-97 1 1 0 0
4.681676355e-97 1 1 0 0
2.340838177e-97 1 1 0 0
1.170419089e-97 1 1 0 0
5.852095443e-98 1 1 0 0
2.926047722e-98 1 1 0 0
1.463023861e-98 1 1 0 0
7.315119304e-99 1 1 0 0
3.657559652e-99 1 1 0 0
1.828779826e-99 1 1 0 0
9.14389913e-100 1 1 0 0
4.571949565e-100 1 1 0 0
2.285974783e-100 1 1 0 0
1.142987391e-100 1 1 0 0
5.714936956e-101 1 1 0 0
2.857468478e-101 1 1 0 0
1.428734239e-101 1 1 0 0
7.143671196e-102 1 1 0 0
3.571835598e-102 1 1 0 0
1.785917799e-102 1 1 0 0
8.929588994e-103 1 1 0 0
4.464794497e-103 1 1 0 0
2.232397249e-103 1 1 0 0
1.116198624e-103 1 1 0 0
5.580993121e-104 1 1 0 0
2.790496561e-104 1 1 0 0
1.39524828e-104 1 1 0 0
6.976241402e-105 1 1 0 0
3.488120701e-105 1 1 0 0
1.74406035e-105 1 1 0 0
8.720301752e-106 1 1 0 0
4.360150876e-106 1 1 0 0
2.180075438e-106 1 1 0 0
1.090037719e-106 1 1 0 0
5.450188595e-107 1 1 0 0
2.725094298e-107 1 1 0 0
1.362547149e-107 1 1 0 0
6.812735744e-108 1 1 0 0
3.406367872e-108 1 1 0 0
1.703183936e-108 1 1 0 0
8.51591968e-109 1 1 0 0
4.25795984e-109 1 1 0 0
2.12897992e-109 1 1 0 0
1.06448996e-109 1 1 0 0
5.3224498e-110 1 1 0 0
2.6612249e-110 1 1 0 0
1.33061245e-110 1 1 0 0
6.65306225e-111 1 1 0 0
3.326531125e-111 1 1 0 0
1.663265563e-111 1 1 0 0
8.316327813e-112 1 1 0 0
4.158163906e-112 1 1 0 0
2.079081953e-112 1 1 0 0
1.039540977e-112 1 1 0 0
5.197704883e-113 1 1 0 0
2.598852441e-113 1 1 0 0
1.299426221e-113 1 1 0 0
6.497131104e-114 1 1 0 0
3.248565552e-114 1 1 0 0
1.624282776e-114 1 1 0 0
8.121413879e-115 1 1 0 0
4.06070694e-115 1 1 0 0
2.03035347e-115 1 1 0 0
1.015176735e-115 1 1 0 0
5.075883675e-116 1 1 0 0
2.537941837e-116 1 1 0 0
1.268970919e-116 1 1 0 0
6.344854593e-117 1 1 0 0
3.172427297e-117 1 1 0 0
1.586213648e-117 1 1 0 0
7.931068242e-118 1 1 0 0
3.965534121e-118 1 1 0 0
1.98276706e-118 1 1 0 0
9.913835302e-119 1 1 0 0
4.956917651e-119 1 1 0 0
2.478458826e-119 1 1 0 0
1.239229413e-119 1 1 0 0
6.196147064e-120 1 1 0 0
3.098073532e-120 1 1 0 0
1.549036766e-120 1 1 0 0
7.74518383e-121 1 1 0 0
3.872591915e-121 1 1 0 0
1.936295957e-121 1 1 0 0
9.681479787e-122 1 1 0 0
4.840739894e-122 1 1 0 0
2.420369947e-122 1 1 0 0
1.210184973e-122 1 1 0 0
6.050924867e-123 1 1 0 0
3.025462433e-123 1 1 0 0
1.512731217e-123 1 1 0 0
7.563656084e-124 1 1 0 0
3.781828042e-124 1 1 0 0
1.890914021e-124 1 1 0 0
9.454570105e-125 1 1 0 0
4.727285052e-125 1 1 0 0
2.363642526e-125 1 1 0 0
1.181821263e-125 1 1 0 0
5.909106315e-126 1 1 0 0
2.954553158e-126 1 1 0 0
1.477276579e-126 1 1 0 0
7.386382894e-127 1 1 0 0
3.693191447e-127 1 1 0 0
1.846595724e-127 1 1 0 0
9.232978618e-128 1 1 0 0
4.616489309e-128 1 1 0 0
2.308244654e-128 1 1 0 0
1.154122327e-128 1 1 0 0
5.770611636e-129 1 1 0 0
2.885305818e-129 1 1 0 0
1.442652909e-129 1 1 0 0
7.213264545e-130 1 1 0 0
3.606632273e-130 1 1 0 0
1.803316136e-130 1 1 0 0
9.016580681e-131 1 1 0 0
4.508290341e-131 1 1 0 0
2.25414517e-131 1 1 0 0
1.127072585e-131 1 1 0 0
5.635362926e-132 1 1 0 0
2.817681463e-132 1 1 0 0
1.408840731e-132 1 1 0 0
7.044203657e-133 1 1 0 0
3.522101829e-133 1 1 0 0
1.761050914e-133 1 1 0 0
8.805254572e-134 1 1 0 0
4.402627286e-134 1 1 0 0
2.201313643e-134 1 1 0 0
1.100656821e-134 1 1 0 0
5.503284107e-135 1 1 0 0
2.751642054e-135 1 1 0 0
1.375821027e-135 1 1 0 0
6.879105134e-136 1 1 0 0
3.439552567e-136 1 1 0 0
1.719776284e-136 1 1 0 0
8.598881418e-137 1 1 0 0
4.299440709e-137 1 1 0 0
2.149720354e-137 1 1 0 0
1.074860177e-137 1 1 0 0
5.374300886e-138 1 1 0 0
2.687150443e-138 1 1 0 0
1.343575222e-138 1 1 0 0
6.717876108e-139 1 1 0 0
3.358938054e-139 1 1 0 0
1.679469027e-139 1 1 0 0
8.397345134e-140 1 1 0 0
4.198672567e-140 1 1 0 0
2.099336284e-140 1 1 0 0
1.049668142e-140 1 1 0 0
5.248340709e-141 1 1 0 0
2.624170355e-141 1 1 0 0
1.312085177e-141 1 1 0 0
6.560425886e-142 1 1 0 0
3.280212943e-142 1 1 0 0
1.640106472e-142 1 1 0 0
8.200532358e-143 1 1 0 0
4.100266179e-143 1 1 0 0
2.050133089e-143 1 1 0 0
1.025066545e-143 1 1 0 0
5.125332724e-144 1 1 0 0
2.562666362e-144 1 1 0 0
1.281333181e-144 1 1 0 0
6.406665905e-145 1 1 0 0
3.203332952e-145 1 1 0 0
1.601666476e-145 1 1 0 0
8.008332381e-146 1 1 0 0
4.00416619e-146 1 1 0 0
2.002083095e-146 1 1 0 0
1.001041548e-146 1 1 0 0
5.005207738e-147 1 1 0 0
2.502603869e-147 1 1 0 0
1.251301934e-147 1 1 0 0
6.256509672e-148 1 1 0 0
3.128254836e-148 1 1 0 0
1.564127418e-148 1 1 0 0
7.820637091e-149 1 1 0 0
3.910318545e-149 1 1 0 0
1.955159273e-149 1 1 0 0
9.775796363e-150 1 1 0 0
4.887898182e-150 1 1 0 0
2.443949091e-150 1 1 0 0
1.221974545e-150 1 1 0 0
6.109872727e-151 1 1 0 0
3.054936363e-151 1 1 0 0
1.527468182e-151 1 1 0 0
7.637340909e-152 1 1 0 0
3.818670454e-152 1 1 0 0
1.909335227e-152 1 1 0 0
9.546676136e-153 1 1 0 0
4.773338068e-153 1 1 0 0
2.386669034e-153 1 1 0 0
1.193334517e-153 1 1 0 0
5.966672585e-154 1 1 0 0
2.983336292e-154 1 1 0 0
1.491668146e-154 1 1 0 0
7.458340731e-155 1 1 0 0
3.729170366e-155 1 1 0 0
1.864585183e-155 1 1 0 0
9.322925914e-156 1 1 0 0
4.661462957e-156 1 1 0 0
2.330731479e-156 1 1 0 0
1.165365739e-156 1 1 0 0
5.826828696e-157 1 1 0 0
2.913414348e-157 1 1 0 0
1.456707174e-157 1 1 0 0
7.28353587e-158 1 1 0 0
3.641767935e-158 1 1 0 0
1.820883968e-158 1 1 0 0
9.104419838e-159 1 1 0 0
4.552209919e-159 1 1 0 0
2.276104959e-159 1 1 0 0
1.13805248e-159 1 1 0 0
5.690262399e-160 1 1 0 0
2.845131199e-160 1 1 0 0
1.4225656e-160 1 1 0 0
7.112827998e-161 1 1 0 0
3.556413999e-161 1 1 0 0
1.778207e-161 1 1 0 0
8.891034998e-162 1 1 0 0
4.445517499e-162 1 1 0 0
2.222758749e-162 1 1 0 0
1.111379375e-162 1 1 0 0
5.556896874e-163 1 1 0 0
2.778448437e-163 1 1 0 0
1.389224218e-163 1 1 0 0
6.946121092e-164 1 1 0 0
3.473060546e-164 1 1 0 0
1.736530273e-164 1 1 0 0
8.682651365e-165 1 1 0 0
4.341325683e-165 1 1 0 0
2.170662841e-165 1 1 0 0
1.085331421e-165 1 1 0 0
5.426657103e-166 1 1 0 0
2.713328552e-166 1 1 0 0
1.356664276e-166 1 1 0 0
6.783321379e-167 1 1 0 0
3.39166069e-167 1 1 0 0
1.695830345e-167 1 1 0 0
8.479151724e-168 1 1 0 0
4.239575862e-168 1 1 0 0
2.119787931e-168 1 1 0 0
1.059893965e-168 1 1 0 0
5.299469827e-169 1 1 0 0
2.649734914e-169 1 1 0 0
1.324867457e-169 1 1 0 0
6.624337284e-170 1 1 0 0
3.312168642e-170 1 1 0 0
1.656084321e-170 1 1 0 0
8.280421605e-171 1 1 0 0
4.140210803e-171 1 1 0 0
2.070105401e-171 1 1 0 0
1.035052701e-171 1 1 0 0
5.175263503e-172 1 1 0 0
2.587631752e-172 1 1 0 0
1.293815876e-172 1 1 0 0
6.469079379e-173 1 1 0 0
3.23453969e-173 1 1 0 0
1.617269845e-173 1 1 0 0
8.086349224e-174 1 1 0 0
4.043174612e-174 1 1 0 0
2.021587306e-174 1 1 0 0
1.010793653e-174 1 1 0 0
5.053968265e-175 1 1 0 0
2.526984132e-175 1 1 0 0
1.263492066e-175 1 1 0 0
6.317460331e-176 1 1 0 0
3.158730166e-176 1 1 0 0
1.579365083e-176 1 1 0 0
7.896825414e-177 1 1 0 0
3.948412707e-177 1 1 0 0
1.974206353e-177 1 1 0 0
9.871031767e-178 1 1 0 0
4.935515884e-178 1 1 0 0
2.467757942e-178 1 1 0 0
1.233878971e-178 1 1 0 0
6.169394855e-179 1 1 0 0
3.084697427e-179 1 1 0 0
1.542348714e-179 1 1 0 0
7.711743568e-180 1 1 0 0
3.855871784e-180 1 1 0 0
1.927935892e-180 1 1 0 0
9.63967946e-181 1 1 0 0
4.81983973e-181 1 1 0 0
2.409919865e-181 1 1 0 0
1.204959933e-181 1 1 0 0
6.024799663e-182 1 1 0 0
3.012399831e-182 1 1 0 0
1.506199916e-182 1 1 0 0
7.530999578e-183 1 1 0 0
3.765499789e-183 1 1 0 0
1.882749895e-183 1 1 0 0
9.413749473e-184 1 1 0 0
4.706874737e-184 1 1 0 0
2.353437368e-184 1 1 0 0
1.176718684e-184 1 1 0 0
5.883593421e-185 1 1 0 0
2.94179671e-185 1 1 0 0
1.470898355e-185 1 1 0 0
7.354491776e-186 1 1 0 0
3.677245888e-186 1 1 0 0
1.838622944e-186 1 1 0 0
9.19311472e-187 1 1 0 0
4.59655736e-187 1 1 0 0
2.29827868e-187 1 1 0 0
1.14913934e-187 1 1 0 0
5.7456967e-188 1 1 0 0
2.87284835e-188 1 1 0 0
1.436424175e-188 1 1 0 0
7.182120875e-189 1 1 0 0
3.591060437e-189 1 1 0 0
1.795530219e-189 1 1 0 0
8.977651094e-190 1 1 0 0
4.488825547e-190 1 1 0 0
2.244412773e-190 1 1 0 0
1.122206387e-190 1 1 0 0
5.611031933e-191 1 1 0 0
2.805515967e-191 1 1 0 0
1.402757983e-191 1 1 0 0
7.013789917e-192 1 1 0 0
3.506894958e-192 1 1 0 0
1.753447479e-192 1 1 0 0
8.767237396e-193 1 1 0 0
4.383618698e-193 1 1 0 0
2.191809349e-193 1 1 0 0
1.095904675e-193 1 1 0 0
5.479523373e-194 1 1 0 0
2.739761686e-194 1 1 0 0
1.369880843e-194 1 1 0 0
6.849404216e-195 1 1 0 0
3.424702108e-195 1 1 0 0
1.712351054e-195 1 1 0 0
8.56175527e-196 1 1 0 0
4.280877635e-196 1 1 0 0
2.140438817e-196 1 1 0 0
1.070219409e-196 1 1 0 0
5.351097043e-197 1 1 0 0
2.675548522e-197 1 1 0 0
1.337774261e-197 1 1 0 0
6.688871304e-198 1 1 0 0
3.344435652e-198 1 1 0 0
1.672217826e-198 1 1 0 0
8.36108913e-199 1 1 0 0
4.180544565e-199 1 1 0 0
2.090272283e-199 1 1 0 0
1.045136141e-199 1 1 0 0
5.225680707e-200 1 1 0 0
2.612840353e-200 1 1 0 0
1.306420177e-200 1 1 0 0
6.532100883e-201 1 1 0 0
3.266050442e-201 1 1 0 0
1.633025221e-201 1 1 0 0
8.165126104e-202 1 1 0 0
4.082563052e-202 1 1 0 0
2.041281526e-202 1 1 0 0
1.020640763e-202 1 1 0 0
5.103203815e-203 1 1 0 0
2.551601907e-203 1 1 0 0
1.275800954e-203 1 1 0 0
6.379004769e-204 1 1 0 0
3.189502384e-204 1 1 0 0
1.594751192e-204 1 1 0 0
7.973755961e-205 1 1 0 0
3.98687798e-205 1 1 0 0
1.99343899e-205 1 1 0 0
9.967194951e-206 1 1 0 0
4.983597476e-206 1 1 0 0
2.491798738e-206 1 1 0 0
1.245899369e-206 1 1 0 0
6.229496844e-207 1 1 0 0
3.114748422e-207 1 1 0 0
1.557374211e-207 1 1 0 0
7.786871056e-208 1 1 0 0
3.893435528e-208 1 1 0 0
1.946717764e-208 1 1 0 0
9.733588819e-209 1 1 0 0
4.86679441e-209 1 1 0 0
2.433397205e-209 1 1 0 0
1.216698602e-209 1 1 0 0
6.083493012e-210 1 1 0 0
3.041746506e-210 1 1 0 0
1.520873253e-210 1 1 0 0
7.604366265e-211 1 1 0 0
3.802183133e-211 1 1 0 0
1.901091566e-211 1 1 0 0
9.505457831e-212 1 1 0 0
4.752728916e-212 1 1 0 0
2.376364458e-212 1 1 0 0
1.188182229e-212 1 1 0 0
5.940911145e-213 1 1 0 0
2.970455572e-213 1 1 0 0
1.485227786e-213 1 1 0 0
7.426138931e-214 1 1 0 0
3.713069465e-214 1 1 0 0
1.856534733e-214 1 1 0 0
9.282673664e-215 1 1 0 0
4.641336832e-215 1 1 0 0
2.320668416e-215 1 1 0 0
1.160334208e-215 1 1 0 0
5.80167104e-216 1 1 0 0
2.90083552e-216 1 1 0 0
1.45041776e-216 1 1 0 0
7.2520888e-217 1 1 0 0
3.6260444e-217 1 1 0 0
1.8130222e-217 1 1 0 0
9.065111e-218 1 1 0 0
4.5325555e-218 1 1 0 0
2.26627775e-218 1 1 0 0
1.133138875e-218 1 1 0 0
5.665694375e-219 1 1 0 0
2.832847187e-219 1 1 0 0
1.416423594e-219 1 1 0 0
7.082117968e-220 1 1 0 0
3.541058984e-220 1 1 0 0
1.770529492e-220 1 1 0 0
8.852647461e-221 1 1 0 0
4.42632373e-221 1 1 0 0
2.213161865e-221 1 1 0 0
1.106580933e-221 1 1 0 0
5.532904663e-222 1 1 0 0
2.766452331e-222 1 1 0 0
1.383226166e-222 1 1 0 0
6.916130829e-223 1 1 0 0
3.458065414e-223 1 1 0 0
1.729032707e-223 1 1 0 0
8.645163536e-224 1 1 0 0
4.322581768e-224 1 1 0 0
2.161290884e-224 1 1 0 0
1.080645442e-224 1 1 0 0
5.40322721e-225 1 1 0 0
2.701613605e-225 1 1 0 0
1.350806802e-225 1 1 0 0
6.754034012e-226 1 1 0 0
3.377017006e-226 1 1 0 0
1.688508503e-226 1 1 0 0
8.442542515e-227 1 1 0 0
4.221271258e-227 1 1 0 0
2.110635629e-227 1 1 0 0
1.055317814e-227 1 1 0 0
5.276589072e-228 1 1 0 0
2.638294536e-228 1 1 0 0
1.319147268e-228 1 1 0 0
6.59573634e-229 1 1 0 0
3.29786817e-229 1 1 0 0
1.648934085e-229 1 1 0 0
8.244670425e-230 1 1 0 0
4.122335213e-230 1 1 0 0
2.061167606e-230 1 1 0 0
1.030583803e-230 1 1 0 0
5.152919016e-231 1 1 0 0
2.576459508e-231 1 1 0 0
1.288229754e-231 1 1 0 0
6.44114877e-232 1 1 0 0
3.220574385e-232 1 1 0 0
1.610287192e-232 1 1 0 0
8.051435962e-233 1 1 0 0
4.025717981e-233 1 1 0 0
2.01285899e-233 1 1 0 0
1.006429495e-233 1 1 0 0
5.032147476e-234 1 1 0 0
2.516073738e-234 1 1 0 0
1.258036869e-234 1 1 0 0
6.290184345e-235 1 1 0 0
3.145092173e-235 1 1 0 0
1.572546086e-235 1 1 0 0
7.862730432e-236 1 1 0 0
3.931365216e-236 1 1 0 0
1.965682608e-236 1 1 0 0
9.82841304e-237 1 1 0 0
4.91420652e-237 1 1 0 0
2.45710326e-237 1 1 0 0
1.22855163e-237 1 1 0 0
6.14275815e-238 1 1 0 0
3.071379075e-238 1 1 0 0
1.535689537e-238 1 1 0 0
7.678447687e-239 1 1 0 0
3.839223844e-239 1 1 0 0
1.919611922e-239 1 1 0 0
9.598059609e-240 1 1 0 0
4.799029804e-240 1 1 0 0
2.399514902e-240 1 1 0 0
1.199757451e-240 1 1 0 0
5.998787256e-241 1 1 0 0
2.999393628e-241 1 1 0 0
1.499696814e-241 1 1 0 0
7.498484069e-242 1 1 0 0
3.749242035e-242 1 1 0 0
1.874621017e-242 1 1 0 0
9.373105087e-243 1 1 0 0
4.686552543e-243 1 1 0 0
2.343276272e-243 1 1 0 0
1.171638136e-243 1 1 0 0
5.858190679e-244 1 1 0 0
2.92909534e-244 1 1 0 0
1.46454767e-244 1 1 0 0
7.322738349e-245 1 1 0 0
3.661369175e-245 1 1 0 0
1.830684587e-245 1 1 0 0
9.153422936e-246 1 1 0 0
4.576711468e-246 1 1 0 0
2.288355734e-246 1 1 0 0
1.144177867e-246 1 1 0 0
5.720889335e-247 1 1 0 0
2.860444668e-247 1 1 0 0
1.430222334e-247 1 1 0 0
7.151111669e-248 1 1 0 0
3.575555835e-248 1 1 0 0
1.787777917e-248 1 1 0 0
8.938889586e-249 1 1 0 0
4.469444793e-249 1 1 0 0
2.234722397e-249 1 1 0 0
1.117361198e-249 1 1 0 0
5.586805991e-250 1 1 0 0
2.793402996e-250 1 1 0 0
1.396701498e-250 1 1 0 0
6.983507489e-251 1 1 0 0
3.491753745e-251 1 1 0 0
1.745876872e-251 1 1 0 0
8.729384362e-252 1 1 0 0
4.364692181e-252 1 1 0 0
2.18234609e-252 1 1 0 0
1.091173045e-252 1 1 0 0
5.455865226e-253 1 1 0 0
2.727932613e-253 1 1 0 0
1.363966307e-253 1 1 0 0
6.819831533e-254 1 1 0 0
3.409915766e-254 1 1 0 0
1.704957883e-254 1 1 0 0
8.524789416e-255 1 1 0 0
4.262394708e-255 1 1 0 0
2.131197354e-255 1 1 0 0
1.065598677e-255 1 1 0 0
5.327993385e-256 1 1 0 0
2.663996692e-256 1 1 0 0
1.331998346e-256 1 1 0 0
6.659991731e-257 1 1 0 0
3.329995865e-257 1 1 0 0
1.664997933e-257 1 1 0 0
8.324989664e-258 1 1 0 0
4.162494832e-258 1 1 0 0
2.081247416e-258 1 1 0 0
1.040623708e-258 1 1 0 0
5.20311854e-259 1 1 0 0
2.60155927e-259 1 1 0 0
1.300779635e-259 1 1 0 0
6.503898175e-260 1 1 0 0
3.251949087e-260 1 1 0 0
1.625974544e-260 1 1 0 0
8.129872718e-261 1 1 0 0
4.064936359e-261 1 1 0 0
2.03246818e-261 1 1 0 0
1.01623409e-261 1 1 0 0
5.081170449e-262 1 1 0 0
2.540585225e-262 1 1 0 0
1.270292612e-262 1 1 0 0
6.351463061e-263 1 1 0 0
3.175731531e-263 1 1 0 0
1.587865765e-263 1 1 0 0
7.939328827e-264 1 1 0 0
3.969664413e-264 1 1 0 0
1.984832207e-264 1 1 0 0
9.924161033e-265 1 1 0 0
4.962080517e-265 1 1 0 0
2.481040258e-265 1 1 0 0
1.240520129e-265 1 1 0 0
6.202600646e-266 1 1 0 0
3.101300323e-266 1 1 0 0
1.550650161e-266 1 1 0 0
7.753250807e-267 1 1 0 0
3.876625404e-267 1 1 0 0
1.938312702e-267 1 1 0 0
9.691563509e-268 1 1 0 0
4.845781755e-268 1 1 0 0
2.422890877e-268 1 1 0 0
1.211445439e-268 1 1 0 0
6.057227193e-269 1 1 0 0
3.028613597e-269 1 1 0 0
1.514306798e-269 1 1 0 0
7.571533991e-270 1 1 0 0
3.785766996e-270 1 1 0 0
1.892883498e-270 1 1 0 0
9.464417489e-271 1 1 0 0
4.732208745e-271 1 1 0 0
2.366104372e-271 1 1 0 0
1.183052186e-271 1 1 0 0
5.915260931e-272 1 1 0 0
2.957630465e-272 1 1 0 0
1.478815233e-272 1 1 0 0
7.394076164e-273 1 1 0 0
3.697038082e-273 1 1 0 0
1.848519041e-273 1 1 0 0
9.242595204e-274 1 1 0 0
4.621297602e-274 1 1 0 0
2.310648801e-274 1 1 0 0
1.155324401e-274 1 1 0 0
5.776622003e-275 1 1 0 0
2.888311001e-275 1 1 0 0
1.444155501e-275 1 1 0 0
7.220777503e-276 1 1 0 0
3.610388752e-276 1 1 0 0
1.805194376e-276 1 1 0 0
9.025971879e-277 1 1 0 0
4.51298594e-277 1 1 0 0
2.25649297e-277 1 1 0 0
1.128246485e-277 1 1 0 0
5.641232425e-278 1 1 0 0
2.820616212e-278 1 1 0 0
1.410308106e-278 1 1 0 0
7.051540531e-279 1 1 0 0
3.525770265e-279 1 1 0 0
1.762885133e-279 1 1 0 0
8.814425663e-280 1 1 0 0
4.407212832e-280 1 1 0 0
2.203606416e-280 1 1 0 0
1.101803208e-280 1 1 0 0
5.50901604e-281 1 1 0 0
2.75450802e-281 1 1 0 0
1.37725401e-281 1 1 0 0
6.88627005e-282 1 1 0 0
3.443135025e-282 1 1 0 0
1.721567512e-282 1 1 0 0
8.607837562e-283 1 1 0 0
4.303918781e-283 1 1 0 0
2.15195939e-283 1 1 0 0
1.075979695e-283 1 1 0 0
5.379898476e-284 1 1 0 0
2.689949238e-284 1 1 0 0
1.344974619e-284 1 1 0 0
6.724873095e-285 1 1 0 0
3.362436548e-285 1 1 0 0
1.681218274e-285 1 1 0 0
8.406091369e-286 1 1 0 0
4.203045685e-286 1 1 0 0
2.101522842e-286 1 1 0 0
1.050761421e-286 1 1 0 0
5.253807106e-287 1 1 0 0
2.626903553e-287 1 1 0 0
1.313451776e-287 1 1 0 0
6.567258882e-288 1 1 0 0
3.283629441e-288 1 1 0 0
1.641814721e-288 1 1 0 0
8.209073603e-289 1 1 0 0
4.104536801e-289 1 1 0 0
2.052268401e-289 1 1 0 0
1.0261342e-289 1 1 0 0
5.130671002e-290 1 1 0 0
2.565335501e-290 1 1 0 0
1.28266775e-290 1 1 0 0
6.413338752e-291 1 1 0 0
3.206669376e-291 1 1 0 0
1.603334688e-291 1 1 0 0
8.01667344e-292 1 1 0 0
4.00833672e-292 1 1 0 0
2.00416836e-292 1 1 0 0
1.00208418e-292 1 1 0 0
5.0104209e-293 1 1 0 0
2.50521045e-293 1 1 0 0
1.252605225e-293 1 1 0 0
6.263026125e-294 1 1 0 0
3.131513063e-294 1 1 0 0
1.565756531e-294 1 1 0 0
7.828782656e-295 1 1 0 0
3.914391328e-295 1 1 0 0
1.957195664e-295 1 1 0 0
9.78597832e-296 1 1 0 0
4.89298916e-296 1 1 0 0
2.44649458e-296 1 1 0 0
1.22324729e-296 1 1 0 0
6.11623645e-297 1 1 0 0
3.058118225e-297 1 1 0 0
1.529059113e-297 1 1 0 0
7.645295563e-298 1 1 0 0
3.822647781e-298 1 1 0 0
1.911323891e-298 1 1 0 0
9.556619453e-299 1 1 0 0
4.778309727e-299 1 1 0 0
2.389154863e-299 1 1 0 0
1.194577432e-299 1 1 0 0
5.972887158e-300 1 1 0 0
2.986443579e-300 1 1 0 0
1.49322179e-300 1 1 0 0
7.466108948e-301 1 1 0 0
3.733054474e-301 1 1 0 0
1.866527237e-301 1 1 0 0
9.332636185e-302 1 1 0 0
4.666318093e-302 1 1 0 0
2.333159046e-302 1 1 0 0
1.166579523e-302 1 1 0 0
5.832897616e-303 1 1 0 0
2.916448808e-303 1 1 0 0
1.458224404e-303 1 1 0 0
7.29112202e-304 1 1 0 0
3.64556101e-304 1 1 0 0
1.822780505e-304 1 1 0 0
9.113902524e-305 1 1 0 0
4.556951262e-305 1 1 0 0
2.278475631e-305 1 1 0 0
1.139237816e-305 1 1 0 0
5.696189078e-306 1 1 0 0
2.848094539e-306 1 1 0 0
1.424047269e-306 1 1 0 0
7.120236347e-307 1 1 0 0
3.560118174e-307 1 1 0 0
1.780059087e-307 1 1 0 0
8.900295434e-308 1 1 0 0
4.450147717e-308 1 1 0 0
2.225073859e-308 1 1 0 0
1.112536929e-308 1 1 0 0
5.562684646e-309 1 1 0 0
2.781342323e-309 1 1 0 0
1.390671162e-309 1 1 0 0
6.953355808e-310 1 1 0 0
3.476677904e-310 1 1 0 0
1.738338952e-310 1 1 0 0
8.69169476e-311 1 1 0 0
4.34584738e-311 1 1 0 0
2.17292369e-311 1 1 0 0
1.086461845e-311 1 1 0 0
5.432309225e-312 1 1 0 0
2.716154612e-312 1 1 0 0
1.358077306e-312 1 1 0 0
6.790386531e-313 1 1 0 0
3.395193266e-313 1 1 0 0
1.697596633e-313 1 1 0 0
8.487983164e-314 1 1 0 0
4.243991582e-314 1 1 0 0
2.121995791e-314 1 1 0 0
1.060997895e-314 1 1 0 0
5.304989477e-315 1 1 0 0
2.652494739e-315 1 1 0 0
1.326247369e-315 1 1 0 0
6.631236847e-316 1 1 0 0
3.315618423e-316 1 1 0 0
1.657809212e-316 1 1 0 0
8.289046058e-317 1 1 0 0
4.144523029e-317 1 1 0 0
2.072261515e-317 1 1 0 0
1.036130757e-317 1 1 0 0
5.180653787e-318 1 1 0 0
2.590326893e-318 1 1 0 0
1.295163447e-318 1 1 0 0
6.475817233e-319 1 1 0 0
3.237908617e-319 1 1 0 0
1.618954308e-319 1 1 0 0
8.094771541e-320 1 1 0 0
4.047385771e-320 1 1 0 0
2.023692885e-320 1 1 0 0
1.011846443e-320 1 1 0 0
5.059232213e-321 1 1 0 0
2.529616107e-321 1 1 0 0
1.264808053e-321 1 1 0 0
6.324040267e-322 1 1 0 0
3.162020133e-322 1 1 0 0
1.581010067e-322 1 1 0 0
7.905050333e-323 1 1 0 0
3.952525167e-323 1 1 0 0
1.976262583e-323 1 1 0 0
9.881312917e-324 1 1 0 0
4.940656458e-324 1 1 0 0
0 1 -nan nan nan
