1.42772 1.32876
0.774525 2.55861
1.96777 2.57556
2.25874 2.18642
2.05969 2.30583
1.84025 1.38351
2.16505 2.31379
2.78465 2.44259
1.79437 2.24293
2.84964 1.44856
0.978497 1.75982
1.17734 1.11231
2.77785 0.646556
1.40333 1.87755
1.65946 0.402404
2.17584 2.21271
2.83105 3.33434
2.7861 0.994859
1.69937 1.54032
2.1232 2.3512
1.20485 1.76516
2.5541 1.98465
2.43924 0.459014
2.33265 2.69513
2.89675 1.70248
2.772 1.8594
2.14887 3.85732
1.54574 1.98861
1.27655 1.49644
2.04407 2.3469
2.26085 0.514803
1.58107 2.00538
2.23191 2.66851
1.49767 2.62688
1.43428 1.88474
0.86615 2.02901
1.54289 1.82973
2.38388 1.29531
1.56262 1.06097
1.23618 2.519
2.05856 1.41171
2.80855 1.62009
0.712488 2.44072
1.55872 1.9218
1.03739 1.41863
2.25162 2.05078
1.35722 2.09486
2.06224 2.25924
0.952324 2.12159
2.87359 1.85031
1.27661 0.307503
0.980527 3.12082
2.44855 3.11674
3.0963 1.35528
2.07125 2.21114
2.01569 1.90057
2.64748 2.015
2.31569 1.19178
2.97348 2.26719
2.22662 1.00443
2.72156 1.35918
1.63989 2.1172
3.01088 2.16715
1.36715 1.76122
3.2655 3.10683
2.55242 2.38048
1.89973 2.14053
2.86266 0.597493
2.45817 2.79017
0.891245 2.34449
3.47788 1.62832
2.37511 -0.0506727
0.507165 0.741226
1.96928 1.91414
2.40929 2.14727
2.70872 3.32265
1.66013 1.45459
2.89853 1.55212
2.73643 0.67976
1.32217 3.78788
2.20172 1.92252
2.53892 1.75115
2.65142 0.393642
2.1116 2.52202
3.80072 2.50731
2.0012 3.05741
2.76669 2.01705
0.269463 2.02438
1.87555 1.52433
2.90642 1.85134
1.93851 1.00576
0.587901 1.29664
0.639916 1.56394
1.73012 1.8049
1.22336 2.52272
0.927987 1.84086
3.0429 2.70651
3.65286 2.79261
0.716588 0.808904
1.89624 2.4247
