-1.06519 -1.11642
-1.71936 -0.404173
-0.0878875 -0.476608
-1.5793 -1.7707
-1.74695 -1.41432
-1.31668 -1.68052
0.288237 -0.831123
-0.52928 -0.951854
0.319661 -2.40476
-2.08089 0.0721734
0.551539 -1.3487
-2.73619 -1.09814
-0.429454 -1.21486
0.12442 -2.15045
-1.28873 -1.14292
-1.38651 -1.28181
-1.52327 -0.26644
-0.995537 -1.97718
-1.18252 -0.83635
-0.725097 -1.2201
0.178191 -1.90138
0.141677 -1.05559
-0.304303 -0.0245647
-0.746097 0.752584
-0.579732 -2.05548
-1.33001 -1.83109
-1.17771 -0.786936
-1.21556 0.168761
0.205854 -1.25022
0.792161 -1.03701
0.188256 -0.261871
-0.673924 0.0168125
-0.261989 -1.33078
-1.71912 -0.782628
-0.774432 -0.902488
0.187002 0.551521
-0.742065 -1.06428
-2.16331 -0.97183
-1.58716 -1.12209
-1.79988 -1.47635
-0.378493 -0.526391
-2.2159 -2.88657
-1.40766 -2.18929
-0.339918 -1.822
-0.175823 -0.297809
-0.0983135 -0.520608
-1.24931 -0.569387
-1.23222 -0.010871
-1.39338 -1.83958
-1.75332 -1.19762
0.949819 -1.52759
-1.23394 -0.761422
-1.00773 -0.114158
-0.535395 -0.902192
-1.18505 -1.37486
-1.01092 0.0713481
-1.53677 -1.35417
-0.57712 -1.62522
-0.365162 -0.222823
0.0289072 -1.40454
-0.368027 -0.890443
-1.48867 -0.921649
-1.3509 -1.14676
0.0896631 -1.35481
-1.02373 -0.562996
0.257343 -0.0506466
0.536058 -1.5839
-1.59428 -0.0373515
-0.978729 -0.883253
-1.53076 -0.612123
-2.1876 -0.623897
0.138057 -1.49533
-1.5239 -0.590809
-0.0615747 -1.19921
-1.81902 -1.41534
-1.62386 0.0443359
0.0287228 -0.0949093
-1.31943 -0.453267
-1.98401 0.315421
-0.343939 -1.94354
-0.173615 -1.32003
-1.74467 -2.0221
-1.2619 -1.41779
-1.66525 -1.24502
-1.41309 -2.38256
0.0767928 -1.29845
0.0555474 -0.402156
-0.995815 -0.386679
-0.780306 0.0634434
-2.94034 1.42633
-1.95973 0.0797108
-0.104615 -1.96866
1.15106 -0.517315
-0.437302 -0.408561
-1.7123 -0.0419471
-0.519174 -0.608165
-1.28621 -1.64601
-0.22242 -0.0703798
-1.95542 -0.0113173
-1.21401 -0.387759
